F 1788.036342 1817.422489 1.562809
D C 364.9 -287.9 1415.4 -461.6 1742.8 248.9 1129.7 565.4 538.4 591.2 896.5 1317.5
W C 1324.9 1856.5 352.7 1422.2 471.3 648.9 1157.2 722.9 1664.8 1027.3 1766.4 224.0
F 1291.000000 1881.000000 0.000000
D C 366.0 -288.8 1416.7 -462.0 1741.8 248.8 1129.9 565.4 540.6 593.7 897.6 1319.0
W C 1291.0 1881.0 1291.0 1881.0 1291.0 1881.0 1291.0 1881.0 1291.0 1881.0 1291.0 1881.0
F 1667.736777 2163.451751 2.034774
D C 366.2 -289.0 1418.2 -462.5 1741.8 248.8 1131.1 566.1 541.5 594.6 900.0 1322.6
W C 1865.9 1741.1 2729.0 1115.2 3336.7 1606.5 2932.6 2163.5 2418.0 2452.9 3064.4 2943.4
F 2449.761641 2354.380852 1.717304
D C 366.2 -288.9 1417.4 -462.3 1737.0 248.1 1129.5 565.3 540.5 593.6 896.8 1317.9
W C 2610.0 2792.4 2446.5 3845.3 1671.8 3927.1 1560.1 3251.0 1717.1 2682.6 917.7 2795.0
F 1291.000000 1881.000000 0.000000
D C 365.1 -288.1 1419.4 -462.9 1739.8 248.5 1128.6 564.8 537.0 589.7 898.0 1319.6
W C 1291.0 1881.0 1291.0 1881.0 1291.0 1881.0 1291.0 1881.0 1291.0 1881.0 1291.0 1881.0
F 1665.978337 2161.730141 2.036281
D C 365.1 -288.1 1413.4 -460.9 1740.2 248.6 1129.9 565.5 538.2 591.0 896.5 1317.5
W C 1862.9 1740.4 2722.1 1115.4 3332.6 1602.7 2929.5 2159.9 2412.2 2448.3 3058.5 2936.6
F 2450.313105 2352.836011 1.718509
D C 364.7 -287.8 1418.5 -462.6 1734.9 247.8 1132.6 566.8 539.8 592.8 897.2 1318.4
W C 2609.8 2789.3 2446.5 3844.8 1672.8 3923.4 1558.0 3251.6 1718.5 2680.4 917.6 2793.1
F 1291.000000 1881.000000 0.000000
D C 364.9 -287.9 1417.5 -462.3 1738.0 248.2 1131.9 566.5 540.7 593.8 897.5 1318.9
W C 1291.0 1881.0 1291.0 1881.0 1291.0 1881.0 1291.0 1881.0 1291.0 1881.0 1291.0 1881.0
F 1666.473152 2162.750643 2.034908
D C 365.2 -288.2 1416.6 -462.0 1739.8 248.5 1132.5 566.8 539.6 592.6 898.1 1319.8
W C 1864.1 1741.5 2726.4 1115.5 3333.5 1606.2 2932.9 2162.6 2414.2 2451.1 3060.4 2941.0
F 2449.546071 2353.445940 1.717551
D C 365.8 -288.6 1417.7 -457.6 1739.7 248.5 1129.9 565.5 539.5 592.4 897.2 1318.4
W C 2609.6 2791.0 2441.8 3843.2 1670.6 3928.7 1559.7 3250.5 1718.3 2681.1 917.0 2794.4
F 1291.000000 1881.000000 0.000000
D C 364.1 -287.3 1419.0 -462.8 1739.0 248.4 1133.0 567.0 539.7 592.7 898.8 1320.8
W C 1291.0 1881.0 1291.0 1881.0 1291.0 1881.0 1291.0 1881.0 1291.0 1881.0 1291.0 1881.0
F 1668.109677 2162.666496 2.036793
D C 364.5 -287.7 1416.9 -462.1 1743.3 249.0 1132.5 566.8 539.1 592.1 896.9 1318.1
W C 1864.5 1741.9 2726.3 1113.2 3337.4 1601.8 2934.6 2160.2 2415.8 2449.4 3061.6 2937.2
F 2454.334731 2353.570909 1.720032
D C 365.0 -288.0 1423.0 -464.1 1741.8 248.8 1130.1 565.6 541.0 594.1 897.9 1319.5
W C 2614.3 2790.1 2452.1 3850.3 1675.4 3931.2 1564.9 3251.3 1721.3 2682.6 920.8 2795.8
F 1291.000000 1881.000000 0.000000
D C 365.2 -288.2 1416.0 -461.8 1740.2 248.6 1131.2 566.1 539.4 592.4 896.8 1317.9
W C 1291.0 1881.0 1291.0 1881.0 1291.0 1881.0 1291.0 1881.0 1291.0 1881.0 1291.0 1881.0
F 1695.592862 2143.880469 2.043969
D C 352.2 -286.8 1402.9 -457.5 1715.5 250.4 1074.3 550.0 518.5 594.6 878.1 1325.0
W C 1878.4 1728.1 2735.9 1097.3 3336.8 1585.0 2902.5 2143.9 2428.1 2436.8 3081.0 2923.2
F 2445.935071 2391.608083 1.716343
D C 313.8 -287.5 1365.2 -463.9 1681.8 240.2 1048.8 549.2 488.9 592.9 846.9 1321.6
W C 2618.1 2780.9 2449.1 3833.5 1680.8 3908.4 1590.3 3209.9 1727.9 2665.4 923.0 2771.7
F 1291.000000 1881.000000 0.000000
D C 279.2 -282.2 1324.1 -454.4 1640.5 244.6 1000.7 547.8 445.3 586.2
W C 1291.0 1881.0 1291.0 1881.0 1291.0 1881.0 1291.0 1881.0 1291.0 1881.0
F 1606.823466 2071.163195 2.286260
D C 260.9 -280.4 1277.2 -447.1 1622.9 242.0 985.4 543.3 432.6 584.3
W C 1619.8 1688.4 2277.6 895.9 2990.5 1189.2 2707.0 1834.9 2316.6 2228.4
F 1291.000000 1881.000000 0.000000
D C 216.5 -277.0 1229.1 -443.0 1564.3 248.0 933.0 544.7 379.5 588.2
W C 1291.0 1881.0 1291.0 1881.0 1291.0 1881.0 1291.0 1881.0 1291.0 1881.0
F 1571.441056 2437.489800 1.693088
D C 187.9 -278.9 1197.8 -440.1 1532.9 243.0 902.1 541.6 348.6 590.7
W C 1724.6 2138.1 2708.0 1857.2 3122.4 2495.3 2531.8 2867.2 1988.2 2982.3
F 1291.000000 1881.000000 0.000000
D C 155.6 -276.2 1169.5 -441.9 1500.5 242.6 873.3 546.4 318.8 593.1
W C 1291.0 1881.0 1291.0 1881.0 1291.0 1881.0 1291.0 1881.0 1291.0 1881.0
F 1607.008973 2431.360209 1.691112
D C 124.8 -274.1 1131.1 -439.3 1466.0 246.2 832.9 546.4 280.4 594.1
W C 1698.7 2144.4 2678.6 1861.9 3091.8 2503.3 2498.4 2875.9 1955.4 2988.3
F 1291.000000 1881.000000 0.000000
D C 113.1 -277.2 1117.5 -438.0 1443.4 251.6 818.1 551.1 264.3 597.6
W C 1291.0 1881.0 1291.0 1881.0 1291.0 1881.0 1291.0 1881.0 1291.0 1881.0
F 1635.867347 2426.674267 1.685742
D C 67.3 -274.8 1066.3 -436.9 1395.6 247.7 770.4 547.0 214.8 601.8
W C 1670.5 2145.9 2643.7 1868.0 3050.9 2509.3 2464.9 2879.8 1919.6 2999.2
F 1291.000000 1881.000000 0.000000
D C 1026.6 -435.5 1364.7 246.5 735.6 539.4 184.2 595.6
W C 1291.0 1881.0 1291.0 1881.0 1291.0 1881.0 1291.0 1881.0
F 1213.477767 2101.996982 1.419116
D C 997.1 -433.8 1324.9 251.9 698.2 545.7 146.0 600.5
W C 2264.6 1823.9 2485.1 2551.2 1821.2 2746.9 1267.1 2717.7
F 1631.193178 2476.197954 1.237633
D C 958.2 -434.5 1292.7 249.9 666.4 544.3 474.7 1317.1 112.0 603.8
W C 1888.0 3496.5 1154.9 3703.6 976.8 3034.9 250.6 2708.6 1017.1 2478.8
F 1291.000000 1881.000000 0.000000
D C -47.4 -285.1 925.1 -422.9 1257.2 251.0 631.5 545.5 438.5 1317.1 81.6 604.0
W C 1291.0 1881.0 1291.0 1881.0 1291.0 1881.0 1291.0 1881.0 1291.0 1881.0 1291.0 1881.0
F 1838.960377 2579.834892 1.584700
D C -78.6 -288.4 896.0 -426.3 1220.4 251.5 601.9 546.3 407.1 1316.5 48.0 606.7
W C 1755.7 2292.8 2728.0 2139.0 3063.2 2811.5 2449.6 3116.3 2267.4 3889.5 1896.8 3185.7
F 1291.000000 1881.000000 0.000000
D C 848.2 -429.4 1172.2 252.8 550.1 540.9 358.9 1316.4 -4.2 609.6
W C 1291.0 1881.0 1291.0 1881.0 1291.0 1881.0 1291.0 1881.0 1291.0 1881.0
F 1583.785350 2383.326930 1.411602
D C 833.9 -428.6 1149.7 255.4 535.0 545.7 342.8 1320.9 -21.1 610.9
W C 2474.4 2090.2 2679.5 2815.2 2026.9 3006.0 1716.0 3741.6 1467.5 2983.4
F 1291.000000 1881.000000 0.000000
D C 801.3 -430.7 1119.8 252.3 506.2 542.3 317.0 1321.4 -51.5 614.4
W C 1291.0 1881.0 1291.0 1881.0 1291.0 1881.0 1291.0 1881.0 1291.0 1881.0
F 1628.027487 2386.236483 1.410957
D C 743.2 -420.3 1069.2 254.8 450.7 543.2 262.7 1326.0 -104.8 612.2
W C 2429.3 2091.5 2642.1 2810.3 1985.1 2995.1 1673.2 3737.3 1425.8 2973.5
F 1291.000000 1881.000000 0.000000
D C 724.6 -421.6 1054.6 251.3 437.8 541.0 248.2 1316.0 -122.5 613.4
W C 1291.0 1881.0 1291.0 1881.0 1291.0 1881.0 1291.0 1881.0 1291.0 1881.0
F 1658.927625 2392.898301 1.408818
D C 681.4 -422.0 1006.0 252.8 390.4 541.0 199.3 1322.5 -167.7 618.9
W C 2399.4 2086.3 2611.0 2804.6 1957.0 2989.8 1642.3 3730.2 1393.6 2976.6
F 1291.000000 1881.000000 0.000000
D C 664.2 -417.0 990.9 255.5 375.1 544.0 182.3 1319.4 -184.1 619.0
W C 1291.0 1881.0 1291.0 1881.0 1291.0 1881.0 1291.0 1881.0 1291.0 1881.0
F 1473.416011 2269.025445 1.257794
D C 632.6 -416.4 954.7 261.8 340.5 546.0 145.9 1324.3
W C 2203.5 2067.6 2301.1 2812.1 1629.3 2893.4 1204.4 3573.9
F 1567.603859 2489.353875 1.217275
D C 600.0 -416.4 924.3 259.6 313.0 545.7 117.1 1324.1
W C 1957.9 3106.6 1268.7 3401.7 1009.0 2778.7 239.7 2549.6
F 1291.000000 1881.000000 0.000000
D C 565.1 -415.8 892.5 259.6 281.0 546.6 85.1 1335.0
W C 1291.0 1881.0 1291.0 1881.0 1291.0 1881.0 1291.0 1881.0
F 1536.341321 2288.259457 1.255415
D C 518.1 -408.9 845.8 268.6 232.5 552.9 27.6 1332.7
W C 2155.8 2060.3 2257.1 2806.0 1585.9 2886.0 1149.2 3563.8
F 1582.979643 2551.736016 1.211713
D C 506.2 -414.8 830.8 263.9 219.6 550.2 23.5 1330.5
W C 1975.2 3075.5 1283.0 3370.2 1023.7 2747.0 252.7 2517.1
F 1291.000000 1881.000000 0.000000
D C 477.6 -411.3 797.6 264.2 186.2 548.0 -17.4 1336.7
W C 1291.0 1881.0 1291.0 1881.0 1291.0 1881.0 1291.0 1881.0
F 1579.461728 2306.486194 1.256102
D C 442.9 -413.4 768.5 265.0 157.6 551.3 -42.1 1337.7
W C 2129.2 2051.8 2227.1 2797.9 1557.3 2879.4 1122.5 3564.5
F 1598.425197 2649.881521 1.215169
D C 412.3 -411.7 732.1 265.1 123.6 552.2 -83.4 1341.0
W C 1993.9 3077.8 1305.3 3371.2 1041.9 2752.0 261.6 2514.8
F 1291.000000 1881.000000 0.000000
D C 396.0 -412.7 718.6 267.7 109.5 552.9 -99.9 1340.5
W C 1291.0 1881.0 1291.0 1881.0 1291.0 1881.0 1291.0 1881.0
F 1640.779677 2328.316756 1.262862
D C 351.1 -414.0 669.9 270.9 62.8 555.0 -150.2 1344.9
W C 2101.5 2041.3 2196.0 2790.8 1531.2 2876.0 1087.2 3563.1
F 1626.402971 2736.071857 1.222385
D C 320.9 -415.8 639.9 270.2 31.9 553.6 -180.6 1353.2
W C 2029.6 3072.6 1332.0 3365.2 1072.0 2746.8 281.1 2504.0
F 1291.000000 1881.000000 0.000000
D C 291.5 -415.9 612.0 274.1 1.3 557.3 -209.2 1346.5
W C 1291.0 1881.0 1291.0 1881.0 1291.0 1881.0 1291.0 1881.0
F 1293.371976 1582.269048 1.104376
D C 259.1 -419.8 579.9 274.8 -29.7 560.6
W C 1713.6 1323.8 1687.8 2088.5 1014.7 2069.7
F 560.844808 654.012889 1.748807
D C 214.4 -418.7 534.3 275.6 -76.7 561.9
W C 1024.4 573.9 661.5 1246.7 65.5 930.2
F 794.946322 716.098017 1.801272
D C 201.0 -417.5 520.5 278.7 -95.3 567.1
W C 1222.0 895.9 542.7 1249.9 223.8 649.4
F 787.364665 765.313619 1.854718
D C 156.5 -420.1 471.2 282.9 -139.0 568.0
W C 1215.5 898.2 531.2 1251.5 212.5 658.2
F 790.339101 782.527849 1.915144
D C 142.9 -418.5 452.7 285.2 -155.2 572.6
W C 1216.4 900.9 531.9 1251.0 209.7 660.9
F 147.425445 713.518022 2.216876
D C 110.2 -416.7 423.6 285.4
W C 578.0 694.9 0.8 1202.8
F 482.000000 682.000000 0.000000
D C 66.5 -419.3 375.4 287.9
W C 482.0 682.0 482.0 682.0
F 872.220877 895.186178 2.647176
D C 49.9 -423.1 356.3 291.0
W C 524.0 649.7 1297.8 720.7
F 953.859990 586.409787 2.150468
D C 4.2 -422.5 309.2 293.0
W C 1323.7 790.6 549.2 719.6
F 930.295072 616.823689 1.661034
D C -11.4 -425.9 290.8 293.1
W C 1311.5 806.9 534.9 735.7
F 883.284068 683.401068 1.181895
D C -39.0 -426.5 257.8 295.7
W C 1279.4 846.3 501.8 775.0
F 810.232169 744.570826 0.706975
D C -86.6 -430.1 204.9 297.1
W C 1232.6 863.3 452.4 791.7
F 542.960586 673.769497 1.066631
D C -102.3 -432.3 187.1 295.9
W C 915.6 431.9 327.3 949.5
F 761.637683 777.857273 0.707309
D C -146.8 -436.5 137.0 299.6
W C 1218.0 839.8 432.4 767.8
F 717.694359 788.261196 0.235267
D C -165.7 -434.5 126.2 295.0
W C 1180.1 838.3 397.6 766.5
F 760.071672 803.689378 0.332987
D C 111.4 279.3
W C
F 884.287942 577.965984 2.327549
D C 87.3 262.1 -513.4 1503.6
W C 1050.4 798.7 875.9 2166.8
F 482.000000 682.000000 0.000000
D C 78.5 256.7 -485.0 1510.9
W C 482.0 682.0 482.0 682.0
F 732.264195 776.772733 1.863847
D C 53.9 237.6 -385.1 1552.8
W C 831.3 999.4 655.8 2374.8
F 482.000000 682.000000 0.000000
D C 44.0 233.1 -357.2 1562.8
W C 482.0 682.0 482.0 682.0
F 739.331362 809.424039 1.764290
D C 28.3 225.5 -276.6 1587.1
W C 788.6 1031.3 612.0 2415.4
F 725.526864 852.544414 1.864336
D C 12.0 220.5
W C
F 707.837067 893.084972 1.964383
D C -3.5 218.5
W C
F 686.103703 932.398181 2.059776
D C -31.5 220.8
W C
F 686.103703 932.398181 2.059776
D C
W C
F 656.542483 967.397084 2.243583
D C 122.1 1605.2
W C
F 621.317904 995.108046 2.441350
D C 253.5 1583.1
W C
F 582.279729 1015.585911 2.625156
D C 310.7 1567.9
W C
F 482.000000 682.000000 0.000000
D C 493.5 1497.5 -73.5 911.2
W C 482.0 682.0 482.0 682.0
F -95.815314 313.022926 2.055985
D C 546.3 1473.2 -45.1 905.1
W C 897.6 1530.4 154.1 1184.1
F 482.000000 682.000000 0.000000
D C 718.3 1366.3 51.8 899.4 -70.7 1510.6
W C 482.0 682.0 482.0 682.0 482.0 682.0
F 20.409393 263.113649 1.796172
D C 821.0 1281.3 108.2 882.4
W C 934.1 1480.0 193.6 1135.1
F 482.000000 682.000000 0.000000
D C 865.4 1230.7 138.0 879.0
W C 482.0 682.0 482.0 682.0
F 112.756159 224.473208 1.597492
D C 990.5 1087.7 221.3 842.1
W C 957.6 1428.8 225.7 1087.8
F 1241.818543 344.739094 1.873560
D C 1034.3 1035.8 249.3 824.2
W C 356.3 1510.3 459.2 703.9
F 482.000000 682.000000 0.000000
D C 1117.9 868.2 321.9 778.7
W C 482.0 682.0 482.0 682.0
F 250.260780 226.548256 1.310897
D C 1169.4 756.9 368.4 738.9
W C 1017.0 1389.5 290.7 1051.2
F 1240.423234 423.062253 1.151856
D C 1186.4 692.7 388.9 718.3
W C 368.6 1484.8 469.6 693.3
F 167.673272 -736.751683 1.718086
D C 1228.1 496.6 441.6 640.4
W C 205.3 587.4 -241.9 -75.4
F 482.000000 682.000000 0.000000
D C 1241.8 441.1 458.4 619.1
W C 482.0 682.0 482.0 682.0
F -820.076284 11.921749 1.646287
D C 1244.9 232.8 503.6 533.0
W C 402.9 341.1 -359.6 582.6
F 1155.345943 523.809266 1.033265
D C 1219.6 102.2 521.9 470.9
W C 370.1 1462.6 469.9 679.8
F 1611.207755 788.734252 1.146660
D C 1209.0 41.7 528.2 442.3 598.4 1583.6
W C 1664.4 1997.3 1211.6 1350.0 79.4 1509.4
F 1685.168897 845.275286 1.074601
D C 1155.2 -77.2 513.9 389.1 -227.3 1102.7
W C 1676.3 2003.0 1259.0 1328.8 602.4 536.7
F 1303.754372 604.978677 2.198227
D C 1138.0 -104.2 504.8 377.4 -217.7 1107.8
W C 2375.8 1000.6 1597.0 1162.9 630.5 1511.3
F 1305.645953 1440.094264 1.327021
D C 1079.7 -145.8 471.7 359.5 -234.2 1119.0
W C 573.5 2246.9 713.3 1468.8 764.3 433.2
F 1692.215163 1869.391140 1.676604
D C 1061.5 -150.0 458.2 358.1 -251.2 1114.9
W C 2196.7 2815.3 1512.7 2422.6 558.7 2015.2
F 2042.514725 1781.077076 2.029723
D C 1016.0 -149.9 411.8 358.0 -302.9 1118.1
W C 2532.5 2683.7 1847.9 2290.8 888.4 1880.8
F 2112.661077 1996.391565 1.482644
D C 985.4 -154.7 381.6 355.0 618.0 1482.2 -325.8 1120.5
W C 1732.2 2918.4 1610.9 2137.6 525.3 1753.1 1325.2 1135.2
F 1291.000000 1881.000000 0.000000
D C 965.4 -154.6 363.7 357.6 -338.5 1125.2
W C 1291.0 1881.0 1291.0 1881.0 1291.0 1881.0
F 1817.850794 2122.533415 1.766407
D C 920.6 -156.1 865.4 667.9 316.4 356.2 -393.2 1128.9
W C 2689.8 1788.4 2797.7 2607.2 2198.2 2409.5 1654.3 3306.7
F 1291.000000 1881.000000 0.000000
D C 887.6 -156.1 828.7 664.3 284.4 355.9
W C 1291.0 1881.0 1291.0 1881.0 1291.0 1881.0
F 770.761922 1298.952229 1.581389
D C 850.6 -157.7 797.1 663.4 250.3 355.9
W C 1620.1 1134.2 1573.3 1955.7 1024.0 1652.8
F 912.400855 820.237641 1.597874
D C 818.5 -162.2 765.7 657.4 220.1 357.8
W C 1088.0 1635.9 267.7 1596.7 558.3 1046.2
F 832.730305 73.606809 1.483820
D C 802.3 -166.7 749.5 655.6 206.9 358.1
W C 907.0 889.7 96.1 743.6 453.4 238.4
F 965.517750 203.196165 1.846139
D C 758.5 -167.3 700.8 660.0 156.1 358.9
W C 1390.8 853.2 596.7 1092.4 685.3 476.4
F 991.172531 167.275390 2.207591
D C 739.3 -167.8 679.8 660.2 139.5 359.2
W C 1409.6 799.5 614.0 1036.6 704.5 424.8
F 482.000000 682.000000 0.000000
D C 693.8 -171.0 631.8 664.6 94.7 360.3
W C 482.0 682.0 482.0 682.0 482.0 682.0
F 323.565938 86.399245 1.270752
D C 666.3 -170.7 595.6 658.1 63.8 362.6
W C 1010.6 120.2 698.0 891.1 277.3 451.7
F 482.000000 682.000000 0.000000
D C 648.8 -174.7 583.1 656.4 47.9 363.1
W C 482.0 682.0 482.0 682.0 482.0 682.0
F 445.658290 127.375870 1.262105
D C 603.7 -176.6 536.2 654.4 -0.3 365.0
W C 1074.5 142.5 757.7 913.7 334.5 475.0
F 482.000000 682.000000 0.000000
D C 570.1 -174.4 500.0 654.1 -32.9 366.1
W C 482.0 682.0 482.0 682.0 482.0 682.0
F 722.744768 346.988548 0.785938
D C 540.6 -176.3 467.2 651.6 -64.7 364.7
W C 1201.6 653.7 514.4 1121.3 399.6 527.9
F 612.356753 452.096146 1.587144
D C 495.0 -211.8 473.4 623.2 -72.1 366.8
W C 1073.5 729.9 383.5 1200.5 272.6 608.1
F 1011.521056 503.029549 1.850218
D C 467.3 -233.0 477.6 609.1 -77.0 367.7
W C 1358.0 893.7 547.6 1122.6 636.4 524.3
F 1486.212562 564.863979 2.045782
D C 384.1 -301.2 513.5 530.3 421.7 1394.0 -68.8 368.2
W C 1786.5 949.6 954.8 1077.2 91.3 983.5 1118.2 495.2
F 1681.869765 839.151607 1.638099
D C 292.0 -357.5 542.5 445.9 577.0 1315.3 -59.0 372.3
W C 1824.0 1278.3 1013.1 1053.4 263.8 611.1 1401.0 587.8
F 1541.298113 912.523622 1.863412
D C 255.9 -377.3 547.0 414.2 621.5 1275.8 -54.4 372.7
W C 1937.1 1138.9 1170.1 1489.6 316.7 1629.6 1165.6 886.7
F 1097.166557 919.537428 2.098008
D C 187.9 -402.9 556.5 357.8 -47.5 373.2
W C 1532.7 1008.6 878.5 1544.0 723.2 960.1
F 1256.593440 864.598299 1.694370
D C 120.7 -424.8 560.1 299.9 791.8 1126.0 -41.8 374.4
W C 1554.1 1191.0 706.6 1182.7 -117.6 944.4 960.4 631.8
F 1329.207812 957.449175 1.491959
D C 45.3 -442.5 558.3 237.8 874.6 1034.6 -34.7 373.1
W C 1730.5 1149.5 916.9 1402.7 60.1 1431.5 989.7 798.8
F 1191.035918 843.019466 1.631588
D C 8.6 -446.6 556.9 207.5 -31.4 374.2
W C 1637.5 857.8 975.8 1396.9 817.3 806.5
F 1308.389441 1224.944012 1.315555
D C -104.3 -453.2 534.5 120.4 998.4 846.7 194.9 1410.6 -21.0 374.8
W C 1756.4 1349.5 947.5 1637.1 87.9 1698.3 -24.2 723.0 989.1 1027.6
F 1500.899905 1428.635469 1.664806
D C -178.0 -446.0 512.5 55.6 1055.3 725.2 322.9 1383.0 -9.3 369.3 -318.6 961.9
W C 1859.0 1108.8 1624.0 1929.3 1180.6 2668.3 311.8 2205.3 1150.7 1546.2 488.1 1458.5
F 1695.634019 1385.228975 1.659818
D C 488.7 -19.1 1115.7 575.6 473.2 1325.7 13.1 361.8 -220.7 993.5
W C 1619.3 1868.3 914.0 2367.7 303.2 1591.5 1338.2 1327.7 764.1 975.5
F 1870.527951 1325.410348 1.465437
D C 456.0 -83.1 1153.1 425.6 612.4 1247.4 33.3 351.8
W C 1778.3 1779.6 1047.2 2237.9 484.9 1430.7 1531.6 1225.7
F 2241.127497 1811.660513 1.435665
D C 388.3 -177.5 791.3 1096.5 58.8 334.4
W C 2331.3 2229.0 1000.5 2349.7 1901.9 1797.5
F 1291.000000 1881.000000 0.000000
D C 361.4 -204.4 1167.8 112.3 848.8 1048.9 66.9 327.2
W C 1291.0 1881.0 1291.0 1881.0 1291.0 1881.0 1291.0 1881.0
F 1291.000000 1881.000000 0.000000
D C 299.1 -257.6 1139.5 -48.1 958.3 919.4 80.4 309.7
W C 1291.0 1881.0 1291.0 1881.0 1291.0 1881.0 1291.0 1881.0
F 1803.526639 1989.820204 2.272574
D C 230.0 -296.1 1093.5 -195.8 1039.4 787.0 91.0 291.0
W C 1861.9 1619.4 2666.5 1290.2 3093.8 2177.0 2023.7 2200.7
F 1828.065936 2392.354138 1.308489
D C 160.0 -329.9 1025.6 -345.0 1108.0 642.3 100.3 272.9
W C 1814.9 2758.8 1029.3 3122.3 555.0 2252.5 1626.1 2183.2
F 1291.000000 1881.000000 0.000000
D C 126.2 -345.2 988.0 -411.9 1127.3 564.2 103.5 264.0
W C 1291.0 1881.0 1291.0 1881.0 1291.0 1881.0 1291.0 1881.0
F 1604.723675 2394.795733 1.692715
D C 21.0 -374.4 861.3 -590.0 1181.2 351.4 111.6 238.2
W C 1580.0 2020.7 2387.9 1704.4 2819.9 2599.9 1744.4 2617.7
F 1291.000000 1881.000000 0.000000
D C -50.1 -379.6 773.3 -670.2 1165.1 240.1 99.6 227.0
W C 1291.0 1881.0 1291.0 1881.0 1291.0 1881.0 1291.0 1881.0
F 1585.263732 2569.952698 1.442078
D C -106.3 -380.6 702.3 -697.0 1136.0 194.4 558.8 694.9 69.4 222.0
W C 1529.6 2178.7 2372.6 1970.7 2686.2 2911.1 2048.5 3331.9 1625.1 2799.1
F 1291.000000 1881.000000 0.000000
D C 638.2 -720.6 1103.8 147.3 549.8 679.4 42.0 219.2
W C 1291.0 1881.0 1291.0 1881.0 1291.0 1881.0 1291.0 1881.0
F 1271.714891 2304.370734 1.184183
D C 583.9 -723.9 1056.0 144.2 505.9 678.8 -5.6 223.2
W C 2085.4 1854.1 2195.4 2836.1 1484.3 3123.8 1182.3 2508.9
F 1291.000000 1881.000000 0.000000
D C 568.0 -722.2 1029.5 143.8 487.8 675.9 -21.7 225.9
W C 1291.0 1881.0 1291.0 1881.0 1291.0 1881.0 1291.0 1881.0
F 1067.401246 2013.434671 0.965789
D C 539.2 -725.9 994.3 145.1 452.1 682.3
W C 1924.5 1725.0 1801.1 2700.0 1049.3 2831.7
F 1291.000000 1881.000000 0.000000
D C 502.1 -721.1 959.5 143.1 423.8 679.6
W C 1291.0 1881.0 1291.0 1881.0 1291.0 1881.0
F 1091.007452 2023.859422 0.961112
D C 472.7 -720.6 927.4 144.1 389.9 684.6
W C 1891.2 1703.8 1768.8 2673.1 1018.7 2808.4
F 1291.000000 1881.000000 0.000000
D C 439.7 -722.3 894.6 141.8 365.5 685.0
W C 1291.0 1881.0 1291.0 1881.0 1291.0 1881.0
F 1141.711027 2064.146365 0.963416
D C 408.0 -724.1 862.3 144.8 327.5 688.2
W C 1890.8 1704.1 1765.7 2676.7 1016.1 2815.9
F 1291.000000 1881.000000 0.000000
D C 363.4 -720.5 813.0 149.4 278.9 692.8
W C 1291.0 1881.0 1291.0 1881.0 1291.0 1881.0
F 1180.512048 2086.484367 0.968023
D C 347.9 -722.6 793.1 145.8 265.8 690.5
W C 1877.7 1690.1 1749.9 2657.5 1006.3 2805.6
F 1291.000000 1881.000000 0.000000
D C 313.2 -723.1 758.5 146.6 233.0 692.6
W C 1291.0 1881.0 1291.0 1881.0 1291.0 1881.0
F 1215.606015 2112.699126 0.965467
D C 264.4 -723.1 708.3 143.7 184.1 692.2
W C 1844.5 1668.5 1716.2 2633.9 973.2 2786.7
F 1291.000000 1881.000000 0.000000
D C 249.0 -721.9 691.2 144.6 166.4 693.4
W C 1291.0 1881.0 1291.0 1881.0 1291.0 1881.0
F 1266.173776 2151.293208 0.967126
D C 200.8 -723.4 644.3 145.2 118.3 697.5
W C 1842.1 1669.7 1714.1 2636.5 967.6 2792.6
F 1291.000000 1881.000000 0.000000
D C 625.4 147.0 103.3 700.2
W C 1291.0 1881.0 1291.0 1881.0
F 1282.943458 2160.506431 0.967254
D C 153.4 -722.0 592.6 145.0 75.1 701.7
W C 1819.0 1653.1 1688.5 2616.3 946.5 2780.8
F 1291.000000 1881.000000 0.000000
D C 548.2 148.5 25.4 704.5
W C 1291.0 1881.0 1291.0 1881.0
F 1458.207280 2193.501621 1.151067
D C 94.8 -727.4 530.3 145.4 6.0 704.9
W C 1945.3 1645.0 1815.2 2611.7 1067.1 2780.0
F 1291.000000 1881.000000 0.000000
D C -17.4 -730.3 501.2 85.8 46.7 697.9
W C 1291.0 1881.0 1291.0 1881.0 1291.0 1881.0
F 1409.627338 2220.135459 1.056084
D C -69.5 -734.5 488.2 51.5 80.8 694.3
W C 1863.3 1638.4 1729.2 2592.7 991.7 2780.4
F 1291.000000 1881.000000 0.000000
D C -201.2 -720.6 470.1 -31.4 163.9 665.1
W C 1291.0 1881.0 1291.0 1881.0 1291.0 1881.0
F 1265.913376 1818.812127 1.300011
D C -325.3 -689.0 438.1 -100.9 236.4 637.5
W C 1324.1 1059.1 1696.6 1947.9 1156.1 2489.8
F 1291.000000 1881.000000 0.000000
D C 394.8 -176.1 312.9 586.5
W C 1291.0 1881.0 1291.0 1881.0
F 1291.000000 1881.000000 0.000000
D C 305.4 -271.4 408.1 491.9
W C 1291.0 1881.0 1291.0 1881.0
F 1291.000000 1881.000000 0.000000
D C 272.6 -298.5 432.8 455.2
W C 1291.0 1881.0 1291.0 1881.0
F 1291.000000 1881.000000 0.000000
D C 197.6 -343.3 477.5 375.6 -139.4 637.0
W C 1291.0 1881.0 1291.0 1881.0 1291.0 1881.0
F 1291.000000 1881.000000 0.000000
D C 121.6 -374.7 509.4 295.3 -59.8 642.2
W C 1291.0 1881.0 1291.0 1881.0 1291.0 1881.0
F 1291.000000 1881.000000 0.000000
D C 44.4 -397.5 526.6 212.9 9.4 643.2
W C 1291.0 1881.0 1291.0 1881.0 1291.0 1881.0
F 1291.000000 1881.000000 0.000000
D C -79.6 -408.3 527.6 77.0 122.2 616.6
W C 1291.0 1881.0 1291.0 1881.0 1291.0 1881.0
F 1291.000000 1881.000000 0.000000
D C -117.1 -404.9 518.4 38.6 154.2 601.9 -301.8 992.1
W C 1291.0 1881.0 1291.0 1881.0 1291.0 1881.0 1291.0 1881.0
F 1291.000000 1881.000000 0.000000
D C 484.2 -80.6 250.5 552.4 -114.8 1028.0
W C 1291.0 1881.0 1291.0 1881.0 1291.0 1881.0
F 1291.000000 1881.000000 0.000000
D C 463.7 -129.5 284.9 522.4 -45.0 1028.0
W C 1291.0 1881.0 1291.0 1881.0 1291.0 1881.0
F 1291.000000 1881.000000 0.000000
D C 417.6 -200.3 332.5 472.9 77.4 1016.9
W C 1291.0 1881.0 1291.0 1881.0 1291.0 1881.0
F 1291.000000 1881.000000 0.000000
D C 340.7 -282.7 370.5 402.0 195.8 988.2
W C 1291.0 1881.0 1291.0 1881.0 1291.0 1881.0
F 1291.000000 1881.000000 0.000000
D C 319.3 -281.9 353.5 402.9 185.7 984.8
W C 1291.0 1881.0 1291.0 1881.0 1291.0 1881.0
F 1291.000000 1881.000000 0.000000
D C 240.6 -305.9 991.3 835.3 327.0 374.9 198.7 971.5
W C 1291.0 1881.0 1291.0 1881.0 1291.0 1881.0 1291.0 1881.0
F 1291.000000 1881.000000 0.000000
D C 214.0 -309.4 977.9 824.1 314.1 371.6 186.3 971.4
W C 1291.0 1881.0 1291.0 1881.0 1291.0 1881.0 1291.0 1881.0
F 1291.000000 1881.000000 0.000000
D C 178.8 -306.2 951.2 821.8 285.9 373.9 158.4 970.3
W C 1291.0 1881.0 1291.0 1881.0 1291.0 1881.0 1291.0 1881.0
F 1291.000000 1881.000000 0.000000
D C 128.9 -302.7 907.0 823.3 235.7 375.3 107.0 971.2
W C 1291.0 1881.0 1291.0 1881.0 1291.0 1881.0 1291.0 1881.0
F 1291.000000 1881.000000 0.000000
D C 113.7 -302.3 890.0 822.9 222.3 376.8 94.9 971.5
W C 1291.0 1881.0 1291.0 1881.0 1291.0 1881.0 1291.0 1881.0
F 1291.000000 1881.000000 0.000000
D C 66.0 -310.7 840.0 820.9 174.6 375.8 44.1 974.0
W C 1291.0 1881.0 1291.0 1881.0 1291.0 1881.0 1291.0 1881.0
F 1291.000000 1881.000000 0.000000
D C 33.1 -313.4 805.3 821.5 142.7 377.7 11.2 970.1
W C 1291.0 1881.0 1291.0 1881.0 1291.0 1881.0 1291.0 1881.0
F 1291.000000 1881.000000 0.000000
D C 19.5 -314.1 787.0 817.8 126.4 379.8 -3.7 969.8
W C 1291.0 1881.0 1291.0 1881.0 1291.0 1881.0 1291.0 1881.0
F 1291.000000 1881.000000 0.000000
D C -32.5 -322.0 739.6 817.2 75.5 375.2 -57.4 971.4
W C 1291.0 1881.0 1291.0 1881.0 1291.0 1881.0 1291.0 1881.0
F 1291.000000 1881.000000 0.000000
D C -47.5 -322.1 722.7 813.6 62.7 376.4 -69.6 973.6
W C 1291.0 1881.0 1291.0 1881.0 1291.0 1881.0 1291.0 1881.0
F 1291.000000 1881.000000 0.000000
D C -112.3 -327.2 725.8 768.1 37.2 368.9
W C 1291.0 1881.0 1291.0 1881.0 1291.0 1881.0
F 1291.000000 1881.000000 0.000000
D C 737.4 716.2 29.7 360.8
W C 1291.0 1881.0 1291.0 1881.0
F 1291.000000 1881.000000 0.000000
D C 749.0 659.2 21.4 352.5
W C 1291.0 1881.0 1291.0 1881.0
F 1291.000000 1881.000000 0.000000
D C 758.7 612.0 13.7 349.5
W C 1291.0 1881.0 1291.0 1881.0
F 1291.000000 1881.000000 0.000000
D C 758.2 585.2 7.2 348.2
W C 1291.0 1881.0 1291.0 1881.0
F 1291.000000 1881.000000 0.000000
D C 770.6 508.9 -4.5 342.3
W C 1291.0 1881.0 1291.0 1881.0
F 1291.000000 1881.000000 0.000000
D C 766.6 476.4 -6.5 341.0
W C 1291.0 1881.0 1291.0 1881.0
F 1291.000000 1881.000000 0.000000
D C 760.5 392.3 151.5 927.9 -23.1 337.4
W C 1291.0 1881.0 1291.0 1881.0 1291.0 1881.0
F 1291.000000 1881.000000 0.000000
D C 755.6 338.4 180.4 910.6 -30.4 337.6
W C 1291.0 1881.0 1291.0 1881.0 1291.0 1881.0
F 1291.000000 1881.000000 0.000000
D C 757.7 290.3 220.0 892.9 -24.9 334.6
W C 1291.0 1881.0 1291.0 1881.0 1291.0 1881.0
F 1291.000000 1881.000000 0.000000
D C 753.6 172.2 303.5 850.2 -19.5 330.7
W C 1291.0 1881.0 1291.0 1881.0 1291.0 1881.0
F 1291.000000 1881.000000 0.000000
D C 738.4 98.5 347.6 819.4 -20.3 325.7
W C 1291.0 1881.0 1291.0 1881.0 1291.0 1881.0
F 1291.000000 1881.000000 0.000000
D C 717.3 27.0 393.3 776.9 -18.0 321.5
W C 1291.0 1881.0 1291.0 1881.0 1291.0 1881.0
F 1291.000000 1881.000000 0.000000
D C 686.3 -48.0 429.1 732.3 -16.8 318.1
W C 1291.0 1881.0 1291.0 1881.0 1291.0 1881.0
F 1291.000000 1881.000000 0.000000
D C 674.1 -78.4 446.2 710.7 -17.8 317.5
W C 1291.0 1881.0 1291.0 1881.0 1291.0 1881.0
F 1291.000000 1881.000000 0.000000
D C 609.6 -186.5 504.6 627.4 -14.5 310.6
W C 1291.0 1881.0 1291.0 1881.0 1291.0 1881.0
F 1592.874236 2085.864530 1.410492
D C 563.9 -251.5 530.6 579.1 277.6 1401.2 -14.4 307.3
W C 2189.7 1927.6 2024.2 2742.3 1643.3 3513.4 1529.6 2386.9
F 1291.000000 1881.000000 0.000000
D C 514.5 -280.6 518.6 548.9 -35.7 302.6
W C 1291.0 1881.0 1291.0 1881.0 1291.0 1881.0
F 1139.827308 1383.504689 1.434312
D C 462.0 -312.3 514.2 521.3 -55.7 302.8
W C 1640.0 1137.0 1578.3 1970.0 1043.5 1675.9
F 1535.501044 2142.544183 1.100127
D C 438.5 -324.7 505.4 512.4 343.0 1356.1
W C 1698.4 2663.2 885.7 2451.9 141.9 2021.8
F 1291.000000 1881.000000 0.000000
D C 383.7 -330.5 458.1 506.2
W C 1291.0 1881.0 1291.0 1881.0
F 1505.856623 2043.576069 1.130077
D C 366.5 -329.6 439.9 510.8 282.2 1358.8
W C 1978.2 1902.9 1684.3 2693.6 1178.3 3392.2
F 1291.000000 1881.000000 0.000000
D C 314.1 -329.4 389.6 509.6 234.2 1355.6
W C 1291.0 1881.0 1291.0 1881.0 1291.0 1881.0
F 1291.000000 1881.000000 0.000000
D C 281.4 -334.0 358.1 509.2
W C 1291.0 1881.0 1291.0 1881.0
F 1291.000000 1881.000000 0.000000
D C 264.3 -331.8 342.2 513.0 188.3 1362.5
W C 1291.0 1881.0 1291.0 1881.0 1291.0 1881.0
F 1291.000000 1881.000000 0.000000
D C 211.3 -333.1 291.9 512.5
W C 1291.0 1881.0 1291.0 1881.0
F 1291.000000 1881.000000 0.000000
D C 162.4 -332.1 238.8 514.0
W C 1291.0 1881.0 1291.0 1881.0
F 1291.000000 1881.000000 0.000000
D C 143.5 -331.4 221.4 517.6
W C 1291.0 1881.0 1291.0 1881.0
F 1291.000000 1881.000000 0.000000
D C 109.7 -338.3 205.5 510.3 87.2 1366.9
W C 1291.0 1881.0 1291.0 1881.0 1291.0 1881.0
F 1291.000000 1881.000000 0.000000
D C 51.7 -354.2 204.8 495.6 152.2 1344.3
W C 1291.0 1881.0 1291.0 1881.0 1291.0 1881.0
F 1291.000000 1881.000000 0.000000
D C -2.0 -366.8 201.7 479.7 201.0 1334.0
W C 1291.0 1881.0 1291.0 1881.0 1291.0 1881.0
F 1291.000000 1881.000000 0.000000
D C -89.3 -367.3 193.6 452.6 287.5 1303.5
W C 1291.0 1881.0 1291.0 1881.0 1291.0 1881.0
F 1291.000000 1881.000000 0.000000
D C -114.9 -367.4 192.3 445.6
W C 1291.0 1881.0 1291.0 1881.0
F 1291.000000 1881.000000 0.000000
D C 188.6 433.5
W C
F 1291.000000 1881.000000 0.000000
D C 180.2 421.1 -535.6 1553.0
W C 1291.0 1881.0 1291.0 1881.0
F 1291.000000 1881.000000 0.000000
D C 191.5 396.3 -394.3 1589.8
W C 1291.0 1881.0 1291.0 1881.0
F 1291.000000 1881.000000 0.000000
D C 195.4 385.9 -341.6 1607.4
W C 1291.0 1881.0 1291.0 1881.0
F 1291.000000 1881.000000 0.000000
D C 197.8 352.4 -152.7 1641.1
W C 1291.0 1881.0 1291.0 1881.0
F 1291.000000 1881.000000 0.000000
D C 201.8 323.6
W C
F 1291.000000 1881.000000 0.000000
D C 186.7 307.7 73.9 1631.5
W C 1291.0 1881.0 1291.0 1881.0
F 1291.000000 1881.000000 0.000000
D C 156.7 300.3 108.7 1625.6
W C 1291.0 1881.0 1291.0 1881.0
F 1291.000000 1881.000000 0.000000
D C 777.9 870.3 142.8 297.7 130.5 1647.7
W C 1291.0 1881.0 1291.0 1881.0 1291.0 1881.0
F 1291.000000 1881.000000 0.000000
D C 744.5 853.8 91.7 296.6 109.0 1630.4
W C 1291.0 1881.0 1291.0 1881.0 1291.0 1881.0
F 1291.000000 1881.000000 0.000000
D C 769.1 794.2 75.3 286.5
W C 1291.0 1881.0 1291.0 1881.0
F 1291.000000 1881.000000 0.000000
D C 796.1 731.6 59.8 275.2
W C 1291.0 1881.0 1291.0 1881.0
F 1291.000000 1881.000000 0.000000
D C 798.9 673.2 39.8 269.8
W C 1291.0 1881.0 1291.0 1881.0
F 1291.000000 1881.000000 0.000000
D C 806.7 646.7 27.1 268.4 -373.5 1413.0
W C 1291.0 1881.0 1291.0 1881.0 1291.0 1881.0
F 1291.000000 1881.000000 0.000000
D C 816.6 568.6 474.0 1516.4 -0.2 265.4
W C 1291.0 1881.0 1291.0 1881.0 1291.0 1881.0
F 1291.000000 1881.000000 0.000000
D C 572.4 1473.6 -29.0 267.1
W C 1291.0 1881.0 1291.0 1881.0
F 1291.000000 1881.000000 0.000000
D C 817.8 457.5 599.2 1437.2
W C 1291.0 1881.0 1291.0 1881.0
F 1291.000000 1881.000000 0.000000
D C 813.0 394.5 662.2 1391.8
W C 1291.0 1881.0 1291.0 1881.0
F 1291.000000 1881.000000 0.000000
D C 801.2 338.3 710.7 1352.0
W C 1291.0 1881.0 1291.0 1881.0
F 1291.000000 1881.000000 0.000000
D C 783.6 281.0 764.5 1295.6 35.1 1477.0
W C 1291.0 1881.0 1291.0 1881.0 1291.0 1881.0
F 1291.000000 1881.000000 0.000000
D C 764.5 209.6 833.2 1216.3 116.1 1466.2
W C 1291.0 1881.0 1291.0 1881.0 1291.0 1881.0
F 1291.000000 1881.000000 0.000000
D C 750.4 188.6 850.1 1201.2 138.7 1465.5 -131.7 814.5
W C 1291.0 1881.0 1291.0 1881.0 1291.0 1881.0 1291.0 1881.0
F 1291.000000 1881.000000 0.000000
D C 727.1 133.6 899.2 1132.4 210.0 1454.1 -106.8 819.3
W C 1291.0 1881.0 1291.0 1881.0 1291.0 1881.0 1291.0 1881.0
F 1291.000000 1881.000000 0.000000
D C 698.3 82.3 944.5 1076.4 270.3 1433.5 -82.0 825.8
W C 1291.0 1881.0 1291.0 1881.0 1291.0 1881.0 1291.0 1881.0
F 1291.000000 1881.000000 0.000000
D C 666.6 37.4 967.4 1005.2 325.5 1413.6 -64.3 828.6
W C 1291.0 1881.0 1291.0 1881.0 1291.0 1881.0 1291.0 1881.0
F 1291.000000 1881.000000 0.000000
D C 622.5 -24.4 1014.1 914.9 411.7 1376.0 -33.9 834.3
W C 1291.0 1881.0 1291.0 1881.0 1291.0 1881.0 1291.0 1881.0
F 1291.000000 1881.000000 0.000000
D C 604.6 -51.6 1023.5 862.5 449.3 1363.5 -13.3 827.0
W C 1291.0 1881.0 1291.0 1881.0 1291.0 1881.0 1291.0 1881.0
F 1291.000000 1881.000000 0.000000
D C 568.7 -89.3 1040.7 798.1 498.2 1330.7 -0.6 831.2
W C 1291.0 1881.0 1291.0 1881.0 1291.0 1881.0 1291.0 1881.0
F 1291.000000 1881.000000 0.000000
D C 527.9 -130.1 1061.6 724.8 555.9 1288.5 29.9 827.4
W C 1291.0 1881.0 1291.0 1881.0 1291.0 1881.0 1291.0 1881.0
F 1291.000000 1881.000000 0.000000
D C 489.8 -161.4 1074.0 658.4 599.7 1250.5 49.9 822.7
W C 1291.0 1881.0 1291.0 1881.0 1291.0 1881.0 1291.0 1881.0
F 1291.000000 1881.000000 0.000000
D C 424.9 -203.8 1063.6 573.7 634.1 1206.3 54.5 815.3
W C 1291.0 1881.0 1291.0 1881.0 1291.0 1881.0 1291.0 1881.0
F 1291.000000 1881.000000 0.000000
D C 408.4 -202.0 1043.3 583.6 616.2 1207.9 36.9 814.5
W C 1291.0 1881.0 1291.0 1881.0 1291.0 1881.0 1291.0 1881.0
F 1291.000000 1881.000000 0.000000
D C 380.0 -201.3 1007.7 584.2 584.3 1208.8 4.4 815.2
W C 1291.0 1881.0 1291.0 1881.0 1291.0 1881.0 1291.0 1881.0
F 1291.000000 1881.000000 0.000000
D C 962.2 581.7 529.8 1207.7 -43.5 821.1
W C 1291.0 1881.0 1291.0 1881.0 1291.0 1881.0
F 1291.000000 1881.000000 0.000000
D C 314.8 -199.0 943.1 578.1 513.7 1211.2 -58.9 823.9
W C 1291.0 1881.0 1291.0 1881.0 1291.0 1881.0 1291.0 1881.0
F 1291.000000 1881.000000 0.000000
D C 265.7 -198.0 891.4 580.9 465.3 1208.9 -108.0 828.4
W C 1291.0 1881.0 1291.0 1881.0 1291.0 1881.0 1291.0 1881.0
F 1291.000000 1881.000000 0.000000
D C 869.8 582.1 451.0 1216.1 -123.8 830.4
W C 1291.0 1881.0 1291.0 1881.0 1291.0 1881.0
F 1291.000000 1881.000000 0.000000
D C 819.7 578.2 395.0 1211.1 -171.4 832.0
W C 1291.0 1881.0 1291.0 1881.0 1291.0 1881.0
F 1291.000000 1881.000000 0.000000
D C 786.8 577.0 369.8 1208.9 -199.2 836.0
W C 1291.0 1881.0 1291.0 1881.0 1291.0 1881.0
F 1291.000000 1881.000000 0.000000
D C 791.9 547.7 397.6 1194.2 -178.9 841.8
W C 1291.0 1881.0 1291.0 1881.0 1291.0 1881.0
F 1291.000000 1881.000000 0.000000
D C 800.5 487.3 456.3 1164.3 -151.4 853.1
W C 1291.0 1881.0 1291.0 1881.0 1291.0 1881.0
F 1291.000000 1881.000000 0.000000
D C 792.5 440.1 486.3 1136.8 -131.6 864.4
W C 1291.0 1881.0 1291.0 1881.0 1291.0 1881.0
F 1291.000000 1881.000000 0.000000
D C 783.9 354.0 551.8 1073.5 -89.2 871.4
W C 1291.0 1881.0 1291.0 1881.0 1291.0 1881.0
F 1291.000000 1881.000000 0.000000
D C 773.2 321.0 577.4 1051.0 -73.1 872.3
W C 1291.0 1881.0 1291.0 1881.0 1291.0 1881.0
F 1291.000000 1881.000000 0.000000
D C 760.3 264.8 611.3 1007.6 -49.1 875.8
W C 1291.0 1881.0 1291.0 1881.0 1291.0 1881.0
F 1291.000000 1881.000000 0.000000
D C 717.7 259.9 567.3 1010.5 -90.0 879.8
W C 1291.0 1881.0 1291.0 1881.0 1291.0 1881.0
F 1291.000000 1881.000000 0.000000
D C 700.2 258.4 553.8 1008.0 -106.8 882.8
W C 1291.0 1881.0 1291.0 1881.0 1291.0 1881.0
F 1291.000000 1881.000000 0.000000
D C 647.3 264.1 502.1 1014.8 -159.5 883.0
W C 1291.0 1881.0 1291.0 1881.0 1291.0 1881.0
F 1291.000000 1881.000000 0.000000
D C 631.6 262.2 485.8 1013.0 -177.4 888.3
W C 1291.0 1881.0 1291.0 1881.0 1291.0 1881.0
F 1291.000000 1881.000000 0.000000
D C 597.3 265.3 449.4 1015.8 -211.3 886.6
W C 1291.0 1881.0 1291.0 1881.0 1291.0 1881.0
F 1291.000000 1881.000000 0.000000
D C 549.5 266.6 401.0 1013.9 -258.8 889.9
W C 1291.0 1881.0 1291.0 1881.0 1291.0 1881.0
F 1291.000000 1881.000000 0.000000
D C 534.7 265.6 387.7 1016.7 -272.4 895.5
W C 1291.0 1881.0 1291.0 1881.0 1291.0 1881.0
F 1291.000000 1881.000000 0.000000
D C 487.4 268.7 335.3 1017.6
W C 1291.0 1881.0 1291.0 1881.0
F 1291.000000 1881.000000 0.000000
D C 455.4 265.9 303.6 1014.8
W C 1291.0 1881.0 1291.0 1881.0
F 1291.000000 1881.000000 0.000000
D C 436.2 267.4 290.6 1016.7
W C 1291.0 1881.0 1291.0 1881.0
F 1291.000000 1881.000000 0.000000
D C 389.4 271.1 237.9 1018.8
W C 1291.0 1881.0 1291.0 1881.0
F 1291.000000 1881.000000 0.000000
D C 372.0 272.8 218.6 1021.1
W C 1291.0 1881.0 1291.0 1881.0
F 1291.000000 1881.000000 0.000000
D C 327.8 272.8 173.6 1023.7
W C 1291.0 1881.0 1291.0 1881.0
F 1291.000000 1881.000000 0.000000
D C 311.1 273.8 154.6 1026.0
W C 1291.0 1881.0 1291.0 1881.0
F 1291.000000 1881.000000 0.000000
D C 275.0 275.4 119.7 1028.7
W C 1291.0 1881.0 1291.0 1881.0
F 1291.000000 1881.000000 0.000000
D C 236.5 272.9 87.6 1026.0
W C 1291.0 1881.0 1291.0 1881.0
F 1291.000000 1881.000000 0.000000
D C 238.9 274.0 90.6 1024.0
W C 1291.0 1881.0 1291.0 1881.0
F 1291.000000 1881.000000 0.000000
D C 240.1 275.4 90.5 1022.8
W C 1291.0 1881.0 1291.0 1881.0
F 1291.000000 1881.000000 0.000000
D C 239.5 274.7 90.1 1019.0
W C 1291.0 1881.0 1291.0 1881.0
F 1291.000000 1881.000000 0.000000
D C 238.7 273.7 90.6 1024.2
W C 1291.0 1881.0 1291.0 1881.0
F 1291.000000 1881.000000 0.000000
D C 238.7 273.7 90.6 1024.6
W C 1291.0 1881.0 1291.0 1881.0
F 1291.000000 1881.000000 0.000000
D C 239.2 274.3 90.6 1024.1
W C 1291.0 1881.0 1291.0 1881.0
