F 1850.000000 1897.000000 3.717551
W C 1840.2 2085.7 1704.2 2082.6 1260.0 2074.0 80.9 1306.7 2068.8 1571.7 1840.2 2000.0 1704.2 2000.0 1260.0 2000.0 0.0 1306.7 2000.0 1571.7
F 1850.000000 1897.000000 3.717551
W C 1840.1 2086.7 1704.9 2081.8 1250.4 2076.9 78.0 1305.7 561.4 148.6 2071.0 1568.4 1840.1 2000.0 1704.9 2000.0 1250.4 2000.0 0.0 1305.7 561.4 0.0 2000.0 1568.4
F 1850.000000 1897.000000 3.717551
W C 1840.2 2085.7 1705.5 2081.0 1257.1 2074.9 89.4 1309.5 2072.7 1565.9 1840.2 2000.0 1705.5 2000.0 1257.1 2000.0 0.0 1309.5 2000.0 1565.9
F 1850.000000 1897.000000 3.717551
W C 1840.3 2082.7 1706.7 2079.5 1251.4 2076.6 86.6 1308.6 557.8 143.7 2068.8 1571.7 1840.3 2000.0 1706.7 2000.0 1251.4 2000.0 0.0 1308.6 557.8 0.0 2000.0 1571.7
F 1850.000000 1897.000000 3.717551
W C 1840.2 2084.7 1704.9 2081.8 1252.3 2076.3 86.6 1308.6 2069.3 1570.9 1840.2 2000.0 1704.9 2000.0 1252.3 2000.0 0.0 1308.6 2000.0 1570.9
F 1850.000000 1897.000000 3.717551
W C 1840.2 2085.7 1704.9 2081.8 1253.3 2076.1 88.5 1309.2 2069.3 1570.9 1840.2 2000.0 1704.9 2000.0 1253.3 2000.0 0.0 1309.2 2000.0 1570.9
F 1850.000000 1897.000000 3.717551
W C 1840.3 2083.7 1706.1 2080.3 1259.0 2074.3 82.8 1307.3 2069.9 1570.1 1840.3 2000.0 1706.1 2000.0 1259.0 2000.0 0.0 1307.3 2000.0 1570.1
F 1850.000000 1897.000000 3.717551
W C 1840.1 2087.7 1704.2 2082.6 1255.2 2075.5 80.9 1306.7 2070.4 1569.2 1840.1 2000.0 1704.2 2000.0 1255.2 2000.0 0.0 1306.7 2000.0 1569.2
F 1850.000000 1897.000000 3.717551
W C 1840.1 2087.7 1706.1 2080.3 1248.5 2077.5 86.6 1308.6 2071.0 1568.4 1840.1 2000.0 1706.1 2000.0 1248.5 2000.0 0.0 1308.6 2000.0 1568.4
F 1850.000000 1897.000000 3.717551
W C 1840.1 2087.7 1704.2 2082.6 1260.0 2074.0 88.5 1309.2 559.0 145.3 2071.0 1568.4 1840.1 2000.0 1704.2 2000.0 1260.0 2000.0 0.0 1309.2 559.0 0.0 2000.0 1568.4
F 1850.000000 1897.000000 3.717551
W C 1840.2 2085.7 1707.3 2078.7 1260.0 2074.0 83.7 1307.6 2069.9 1570.1 1840.2 2000.0 1707.3 2000.0 1260.0 2000.0 0.0 1307.6 2000.0 1570.1
F 1850.000000 1897.000000 3.717551
W C 1839.9 2090.7 1703.6 2083.4 1244.7 2078.6 87.5 1308.9 2069.9 1570.1 1839.9 2000.0 1703.6 2000.0 1244.7 2000.0 0.0 1308.9 2000.0 1570.1
F 1850.000000 1897.000000 3.717551
W C 1840.1 2086.7 1704.9 2081.8 1260.9 2073.8 87.5 1308.9 2069.3 1570.9 1840.1 2000.0 1704.9 2000.0 1260.9 2000.0 0.0 1308.9 2000.0 1570.9
F 1829.218582 1883.504389 3.717551
W C 1819.5 2070.3 1685.3 2066.8 1239.2 2060.6 66.8 1295.4 545.9 142.3 2050.8 1554.1 1819.5 2000.0 1685.3 2000.0 1239.2 2000.0 0.0 1295.4 545.9 0.0 2000.0 1554.1
F 1792.046186 1859.364353 3.717551
W C 1781.9 2054.1 1643.8 2048.1 1180.0 2043.0 41.0 1275.1 508.2 117.4 2031.5 1503.4 1781.9 2000.0 1643.8 2000.0 1180.0 2000.0 0.0 1275.1 508.2 0.0 2000.0 1503.4
F 1754.368418 1835.041559 3.715225
W C 1743.3 2056.8 1587.5 2048.6 1065.2 2043.6 29.5 1263.9 487.3 124.2 2016.3 1443.6 1743.3 2000.0 1587.5 2000.0 1065.2 2000.0 0.0 1263.9 487.3 0.0 2000.0 1443.6
F 1716.553683 1810.609281 3.715225
W C 1704.6 2050.3 1542.9 2032.8 1434.2 1896.1 21.1 1249.2 470.3 127.9 1997.4 1390.9 1704.6 2000.0 1542.9 2000.0 1434.2 2000.0 0.0 1249.2 470.3 0.0 2000.0 1390.9
F 1716.553683 1810.609281 3.715225
W C 1702.3 2097.3 1539.8 2036.7 1454.3 1890.0 41.0 1255.8 478.6 139.1 2010.7 1371.0 1702.3 2000.0 1539.8 2000.0 1454.3 2000.0 0.0 1255.8 478.6 0.0 2000.0 1371.0
F 1679.032085 1786.366401 3.715225
W C 1663.9 2091.0 1479.5 2041.7 1437.8 1859.4 42.4 1244.5 456.6 135.8 2008.3 1294.4 1663.9 2000.0 1479.5 2000.0 1437.8 2000.0 0.0 1244.5 456.6 0.0 2000.0 1294.4
F 1641.430212 1761.926439 3.717551
W C 1625.9 2060.5 1426.5 2035.6 36.4 1226.4 430.5 118.9 1992.5 1240.0 1625.9 2000.0 1426.5 2000.0 0.0 1226.4 430.5 0.0 2000.0 1240.0
F 1603.752444 1737.603645 3.715225
W C 1587.8 2058.2 1378.4 2026.0 675.3 2018.6 26.9 1215.5 406.3 120.7 1563.5 51.1 1980.8 1174.1 1587.8 2000.0 1378.4 2000.0 675.3 2000.0 0.0 1215.5 406.3 0.0 1563.5 0.0 2000.0 1174.1
F 1566.150571 1713.163684 3.717551
W C 1547.4 2073.7 1326.5 2018.3 585.4 2007.5 12.4 1194.7 383.7 108.8 1529.1 -6.4 1968.5 1114.9 1547.4 2000.0 1326.5 2000.0 585.4 2000.0 0.0 1194.7 383.7 0.0 1529.1 0.0 2000.0 1114.9
F 1566.150571 1713.163684 3.717551
W C 1548.2 2057.7 1322.2 2023.8 504.9 2031.6 29.4 1200.4 385.5 111.2 1530.5 58.5 1993.1 1078.4 1548.2 2000.0 1322.2 2000.0 504.9 2000.0 0.0 1200.4 385.5 0.0 1530.5 0.0 2000.0 1078.4
F 1528.472803 1688.840889 3.715225
W C 1509.3 2074.4 410.5 2027.1 29.5 1192.5 360.2 111.4 1489.6 59.3 1980.1 1014.0 1509.3 2000.0 410.5 2000.0 0.0 1192.5 360.2 0.0 1489.6 0.0 2000.0 1014.0
F 1490.870931 1664.400928 3.717551
W C 1469.0 2084.8 331.9 2012.2 21.5 1174.1 345.2 110.0 1455.8 34.8 1971.4 949.9 1469.0 2000.0 331.9 2000.0 0.0 1174.1 345.2 0.0 1455.8 0.0 2000.0 949.9
F 1490.870931 1664.400928 3.717551
W C 1470.6 2052.9 278.3 2028.3 49.0 1183.3 354.7 122.8 1457.2 100.8 1997.6 910.9 1470.6 2000.0 278.3 2000.0 0.0 1183.3 354.7 0.0 1457.2 0.0 2000.0 910.9
F 1453.193163 1640.078134 3.715225
W C 1432.7 2051.6 187.9 2023.0 28.3 1168.3 328.3 121.3 1416.4 98.5 1984.3 846.4 1432.7 2000.0 187.9 2000.0 0.0 1168.3 328.3 0.0 1416.4 0.0 2000.0 846.4
F 1415.591290 1615.638172 3.717551
W C 1393.2 2045.1 1096.9 2021.5 82.3 2015.7 34.5 1154.8 303.8 107.1 1382.7 87.0 1979.2 777.5 1393.2 2000.0 1096.9 2000.0 0.0 2015.7 0.0 1154.8 303.8 0.0 1382.7 0.0 2000.0 777.5
F 1377.913522 1591.315378 3.715225
W C 1355.9 2033.8 1047.9 2013.6 22.6 2001.4 18.5 1141.2 279.3 107.9 1341.9 83.7 1964.6 714.5 1355.9 2000.0 1047.9 2000.0 0.0 2001.4 0.0 1141.2 279.3 0.0 1341.9 0.0 2000.0 714.5
F 1340.311650 1566.875417 3.717551
W C 985.8 2018.3 11.8 1965.5 25.6 1128.2 264.1 106.6 1308.2 76.2 985.8 2000.0 0.0 1965.5 0.0 1128.2 264.1 0.0 1308.2 0.0
F 1302.633882 1542.552622 3.715225
W C 948.0 1996.4 -22.0 1943.4 -6.5 1109.1 227.8 91.2 1267.4 66.0 948.0 2000.0 0.0 1943.4 0.0 1109.1 227.8 0.0 1267.4 0.0
F 1302.633882 1542.552622 3.715225
W C 936.9 2010.6 4.8 1935.3 26.8 1120.1 237.3 104.1 1268.0 90.0 936.9 2000.0 0.0 1935.3 0.0 1120.1 237.3 0.0 1268.0 0.0
F 1265.032009 1518.112661 3.717551
W C 877.8 2011.2 12.2 1894.0 29.0 1105.7 220.3 100.5 1234.2 88.4 1964.8 477.5 877.8 2000.0 0.0 1894.0 0.0 1105.7 220.3 0.0 1234.2 0.0 2000.0 477.5
F 1227.354241 1493.789867 3.715225
W C 830.2 2002.0 -9.3 1868.0 0.8 1087.7 184.0 85.1 1193.5 77.2 1943.6 423.3 830.2 2000.0 0.0 1868.0 0.0 1087.7 184.0 0.0 1193.5 0.0 2000.0 423.3
F 1189.539506 1469.357589 3.715225
W C 1162.0 2021.7 773.9 2001.2 -9.8 1832.3 7.6 1078.0 161.1 80.7 1939.2 349.0 1162.0 2000.0 773.9 2000.0 0.0 1832.3 0.0 1078.0 161.1 0.0 2000.0 349.0
F 1189.539506 1469.357589 3.715225
W C 1161.7 2028.7 769.6 2006.7 6.5 1827.4 13.3 1079.9 171.8 95.2 1952.0 329.9 1161.7 2000.0 769.6 2000.0 0.0 1827.4 0.0 1079.9 171.8 0.0 2000.0 329.9
F 1152.017907 1445.114708 3.715225
W C 1123.3 2022.4 719.1 1999.0 -5.2 1795.3 13.8 1068.2 136.1 73.4 1945.1 260.0 1123.3 2000.0 719.1 2000.0 0.0 1795.3 0.0 1068.2 0.0 73.4 2000.0 260.0
F 1114.416035 1420.674747 3.717551
W C 1083.3 2016.9 660.5 1998.8 -17.7 1760.4 1.7 1049.4 118.3 69.1 1933.1 203.4 1083.3 2000.0 660.5 2000.0 0.0 1760.4 0.0 1049.4 0.0 69.1 2000.0 203.4
F 1076.738267 1396.351953 3.715225
W C 1046.3 2006.6 613.7 1988.9 -25.9 1730.0 -7.4 1037.4 90.0 64.0 1045.1 70.7 1920.9 134.7 1046.3 2000.0 613.7 2000.0 0.0 1730.0 0.0 1037.4 0.0 64.0 1045.1 0.0 2000.0 134.7
F 1038.923531 1371.919675 3.715225
W C 1007.5 2003.1 559.2 1985.7 -19.7 1692.3 -8.2 1025.2 1007.7 63.3 1924.3 48.8 1007.5 2000.0 559.2 2000.0 0.0 1692.3 0.0 1025.2 1007.7 0.0 2000.0 48.8
F 1038.923531 1371.919675 3.715225
W C 1006.9 2014.1 553.7 1992.8 -6.3 1688.2 10.8 1031.5 1008.0 75.3 1006.9 2000.0 553.7 2000.0 0.0 1688.2 0.0 1031.5 1008.0 0.0
F 1001.401933 1347.676794 3.715225
W C 968.6 2006.9 500.2 1989.1 -20.8 1657.0 11.3 1019.8 970.9 72.0 968.6 2000.0 500.2 2000.0 0.0 1657.0 0.0 1019.8 970.9 0.0
F 963.800060 1323.236833 3.717551
W C 928.4 2001.3 446.3 1982.3 -27.5 1620.7 -3.8 1000.4 936.7 66.5 928.4 2000.0 446.3 2000.0 0.0 1620.7 0.0 1000.4 936.7 0.0
F 926.122292 1298.914039 3.715225
W C 891.4 1996.1 400.9 1971.0 -27.2 1587.4 -17.5 986.5 896.4 53.3 1776.4 28.2 891.4 2000.0 400.9 2000.0 0.0 1587.4 0.0 986.5 896.4 0.0 1776.4 0.0
F 926.122292 1298.914039 3.715225
W C 890.7 2010.0 391.6 1982.8 2.4 993.1 896.7 67.3 1773.1 33.2 890.7 2000.0 391.6 2000.0 0.0 993.1 896.7 0.0 1773.1 0.0
F 888.520420 1274.474078 3.717551
W C 850.4 2006.5 332.1 1983.1 7.3 980.4 862.4 61.8 1719.5 38.9 850.4 2000.0 332.1 2000.0 0.0 980.4 862.4 0.0 1719.5 0.0
F 850.842652 1250.151283 3.715225
W C 813.6 1998.2 281.9 1978.2 -11.1 964.7 822.3 56.5 813.6 2000.0 281.9 2000.0 0.0 964.7 822.3 0.0
F 813.027916 1225.719005 3.715225
W C 774.7 1994.8 241.0 1957.7 -12.9 952.3 784.9 49.1 774.7 2000.0 241.0 2000.0 0.0 952.3 784.9 0.0
F 774.920043 1201.097330 3.715225
W C 735.3 1996.1 183.8 1957.5 -46.3 1449.6 -25.4 936.1 14.9 174.9 747.4 46.4 735.3 2000.0 183.8 2000.0 0.0 1449.6 0.0 936.1 0.0 174.9 747.4 0.0
F 774.920043 1201.097330 3.715225
W C 734.4 2015.1 163.5 1983.5 -5.1 1437.2 14.5 949.3 37.5 205.4 748.0 72.4 1550.7 41.7 734.4 2000.0 163.5 2000.0 0.0 1437.2 0.0 949.3 0.0 205.4 748.0 0.0 1550.7 0.0
F 737.318170 1176.657369 3.717551
W C 694.3 2001.5 118.5 1964.7 -28.0 1406.3 -7.3 928.2 21.8 205.8 713.1 51.9 1506.9 32.4 694.3 2000.0 0.0 1964.7 0.0 1406.3 0.0 928.2 0.0 205.8 713.1 0.0 1506.9 0.0
F 699.640402 1152.334574 3.715225
W C 657.5 1998.3 61.7 1968.6 -22.0 1370.7 -0.0 920.7 20.6 235.4 673.4 52.6 1450.4 30.4 657.5 2000.0 0.0 1968.6 0.0 1370.7 0.0 920.7 0.0 235.4 673.4 0.0 1450.4 0.0
F 662.038530 1127.894613 3.717551
W C 617.4 1983.7 22.8 1941.9 -49.6 1341.4 -25.7 898.4 4.7 236.0 638.4 33.1 1409.8 16.0 617.4 2000.0 0.0 1941.9 0.0 1341.4 0.0 898.4 0.0 236.0 638.4 0.0 1409.8 0.0
F 662.038530 1127.894613 3.717551
W C 616.5 2001.7 5.5 1963.9 -16.1 1331.4 -3.9 905.7 20.1 256.9 638.9 56.1 1390.3 45.0 616.5 2000.0 0.0 1963.9 0.0 1331.4 0.0 905.7 0.0 256.9 638.9 0.0 1390.3 0.0
F 624.360762 1103.571818 3.715225
W C 579.9 1996.5 -12.1 1296.2 -1.2 896.4 36.3 309.6 599.5 60.9 1331.8 46.4 579.9 2000.0 0.0 1296.2 0.0 896.4 0.0 309.6 599.5 0.0 1331.8 0.0
F 586.758889 1079.131857 3.717551
W C 539.8 1978.9 -41.6 1267.7 -23.2 875.6 8.3 294.3 564.5 45.4 1286.6 38.6 539.8 2000.0 0.0 1267.7 0.0 875.6 0.0 294.3 564.5 0.0 1286.6 0.0
F 549.081121 1054.809063 3.715225
W C 502.7 1985.7 -40.5 1233.2 -18.6 866.8 7.5 323.5 525.0 45.1 1231.5 35.1 502.7 2000.0 0.0 1233.2 0.0 866.8 0.0 323.5 525.0 0.0 1231.5 0.0
F 549.081121 1054.809063 3.715225
W C 502.6 1987.7 -25.2 1228.6 -8.2 870.3 25.3 347.6 525.0 45.1 1229.2 38.4 502.6 2000.0 0.0 1228.6 0.0 870.3 0.0 347.6 525.0 0.0 1229.2 0.0
F 511.479249 1030.369102 3.717551
W C 461.7 1986.1 -65.4 1765.0 -30.6 1193.0 -13.1 855.3 15.5 357.4 1177.8 39.6 461.7 2000.0 0.0 1765.0 0.0 1193.0 0.0 855.3 0.0 357.4 1177.8 0.0
F 473.801481 1006.046307 3.715225
W C 425.0 1985.8 -51.4 1678.2 -29.7 1158.4 -13.2 844.8 18.5 391.3 1122.2 37.0 425.0 2000.0 0.0 1678.2 0.0 1158.4 0.0 844.8 0.0 391.3 1122.2 0.0
F 436.601650 980.994851 3.731511
W C 370.5 1979.8 -80.7 1621.1 -54.8 1121.0 -31.7 817.4 1.9 373.5 1093.3 33.3 370.5 2000.0 0.0 1621.1 0.0 1121.0 0.0 817.4 0.0 373.5 1093.3 0.0
F 402.715272 952.027788 3.831558
W C 232.8 1965.9 -128.8 1489.6 -56.0 1034.3 -9.7 759.8 65.2 364.0 1123.6 106.6 232.8 2000.0 0.0 1489.6 0.0 1034.3 0.0 759.8 0.0 364.0 1123.6 0.0
F 402.715272 952.027788 3.831558
W C 230.9 1976.7 -108.4 1469.0 -41.2 1031.7 1.2 764.9 71.1 374.4 490.7 3.1 1122.9 107.4 230.9 2000.0 0.0 1469.0 0.0 1031.7 0.0 764.9 0.0 374.4 490.7 0.0 1122.9 0.0
F 371.419696 919.555456 3.929278
W C -102.3 1313.3 -39.3 952.4 3.8 702.3 88.3 291.4 542.5 30.9 1208.0 113.1 0.0 1313.3 0.0 952.4 0.0 702.3 0.0 291.4 542.5 0.0 1208.0 0.0
F 343.651844 884.235789 4.029325
W C -45.7 1906.6 -76.7 1167.7 -23.3 876.8 20.5 646.7 108.5 182.6 592.9 49.7 1311.6 122.1 0.0 1906.6 0.0 1167.7 0.0 876.8 0.0 646.7 0.0 182.6 592.9 0.0 1311.6 0.0
F 319.553164 846.528480 4.127045
W C -101.8 1074.3 -36.0 804.4 23.4 580.7 148.6 101.9 648.3 42.1 0.0 1074.3 0.0 804.4 0.0 580.7 0.0 101.9 648.3 0.0
F 299.248350 806.649889 4.224765
W C -76.0 964.4 -15.3 737.7 39.9 523.5 191.2 -33.4 692.8 61.1 0.0 964.4 0.0 737.7 0.0 523.5 191.2 0.0 692.8 0.0
F 299.248350 806.649889 4.224765
W C -56.6 956.2 -7.5 739.4 46.6 530.8 193.9 -12.6 690.4 65.6 0.0 956.2 0.0 739.4 0.0 530.8 193.9 0.0 690.4 0.0
F 283.117055 765.090790 4.324811
W C -53.4 868.4 5.6 674.4 56.3 461.4 260.8 -34.6 743.0 71.8 0.0 868.4 0.0 674.4 0.0 461.4 260.8 0.0 743.0 0.0
F 270.986273 721.469980 4.424858
W C -40.8 784.0 21.2 611.2 71.0 389.0 325.9 -37.5 787.7 89.9 0.0 784.0 0.0 611.2 0.0 389.0 325.9 0.0 787.7 0.0
F 263.519228 677.872859 4.524905
W C -147.0 1031.7 -29.1 706.6 36.5 549.1 95.2 321.6 387.2 -33.4 845.7 96.2 0.0 1031.7 0.0 706.6 0.0 549.1 0.0 321.6 387.2 0.0 845.7 0.0
F 260.105816 633.082055 4.620298
W C -97.4 886.1 -5.9 633.7 50.5 486.2 116.7 235.1 437.5 -14.0 891.2 112.7 0.0 886.1 0.0 633.7 0.0 486.2 0.0 235.1 437.5 0.0 891.2 0.0
F 260.105816 633.082055 4.620298
W C -77.0 871.7 0.1 633.7 52.9 487.9 114.6 229.5 433.8 -0.5 890.4 113.3 0.0 871.7 0.0 633.7 0.0 487.9 0.0 229.5 433.8 0.0 890.4 0.0
F 265.603722 587.600608 4.804105
W C -56.8 736.3 30.5 544.5 82.8 401.3 187.8 111.9 535.6 30.6 2041.2 779.8 0.0 736.3 0.0 544.5 0.0 401.3 187.8 0.0 535.6 0.0 2000.0 779.8
F 279.835982 545.102242 5.001871
W C -35.3 620.4 63.4 458.9 130.7 316.4 300.9 -46.5 641.3 68.7 1979.3 1081.2 0.0 620.4 0.0 458.9 0.0 316.4 300.9 0.0 641.3 0.0 2000.0 1081.2
F 301.226322 506.556484 5.185678
W C -11.4 522.4 102.5 381.1 428.8 -65.4 737.1 110.4 1854.6 1333.9 0.0 522.4 0.0 381.1 428.8 0.0 737.1 0.0 2000.0 1333.9
F 301.226322 506.556484 5.185678
W C 17.6 520.9 91.5 374.2 418.8 -20.5 719.3 126.5 1850.2 1331.5 0.0 520.9 0.0 374.2 418.8 0.0 719.3 0.0 2000.0 1331.5
F 326.661613 474.105217 5.341565
W C 45.2 444.4 137.8 308.8 244.5 135.9 516.5 -7.8 0.0 444.4 0.0 308.8 244.5 0.0 516.5 0.0
F 357.677302 445.365719 5.502105
W C 83.7 370.8 323.6 8.7 600.2 36.9 2009.7 766.9 0.0 370.8 323.6 0.0 600.2 0.0 2000.0 766.9
F 392.071385 422.027019 5.653338
W C 116.0 299.7 427.4 -57.7 676.9 74.9 1473.7 1957.3 0.0 299.7 427.4 0.0 676.9 0.0 1473.7 2000.0
F 392.071385 422.027019 5.653338
W C 110.5 297.3 427.4 -57.7 670.5 82.6 1493.3 1985.1 0.0 297.3 427.4 0.0 670.5 0.0 1493.3 2000.0
F 429.497014 404.331529 5.806898
W C 143.4 220.7 285.5 50.5 523.1 -1.0 738.7 127.5 1922.1 1213.9 0.0 220.7 285.5 0.0 523.1 0.0 738.7 0.0 2000.0 1213.9
F 468.306531 392.181363 5.946498
W C 185.5 149.0 368.1 -5.4 610.3 22.5 185.5 0.0 368.1 0.0 610.3 0.0
F 510.354441 386.253159 6.109365
W C 270.1 99.6 471.3 -77.1 694.7 71.2 270.1 0.0 471.3 0.0 694.7 0.0
F 552.095354 386.813861 6.262925
W C 339.8 36.0 581.2 -32.2 772.4 116.1 339.8 0.0 581.2 0.0 772.4 0.0
F 552.095354 386.813861 6.262925
W C 331.6 22.3 579.4 -6.2 789.4 95.2 331.6 0.0 579.4 0.0 789.4 0.0
F 592.911230 393.732842 0.133299
W C 404.5 -64.0 669.4 56.3 404.5 0.0 669.4 0.0
F 632.466998 407.113859 0.291513
W C 511.1 -105.7 760.1 88.7 96.0 2095.9 511.1 0.0 760.1 0.0 0.0 2095.9
F 669.518086 426.344954 0.445073
W C 632.8 -38.2 -85.6 1946.1 632.8 0.0 0.0 1946.1
F 669.518086 426.344954 0.445073
W C 637.0 14.6 -74.5 1923.7 637.0 0.0 0.0 1923.7
F 708.871045 447.135992 0.479973
W C 691.6 53.5 -84.1 1912.3 691.6 0.0 0.0 1912.3
F 748.593800 467.952218 0.482299
W C 733.4 103.3 -49.7 1934.8 733.4 0.0 0.0 1934.8
F 788.381160 488.644693 0.479973
W C 772.5 128.0 1928.6 750.9 -12.2 1967.9 772.5 0.0 2000.0 750.9 0.0 1967.9
F 827.695996 509.111056 0.479973
W C 811.7 144.5 2114.1 805.0 29.0 1984.9 811.7 0.0 2000.0 805.0 0.0 1984.9
F 827.695996 509.111056 0.479973
W C 811.7 144.5 2104.4 802.8 31.9 1979.6 811.7 0.0 2000.0 802.8 0.0 1979.6
F 867.418751 529.927282 0.482299
W C 2114.2 819.8 71.1 1993.3 2000.0 819.8 0.0 1993.3
F 907.304241 550.808808 0.482299
W C 2115.1 831.6 112.8 2010.6 2000.0 831.6 0.0 2010.6
F 947.498921 571.852205 0.482299
W C 2148.5 851.0 152.1 2033.4 2000.0 851.0 152.1 2000.0
F 987.286281 592.544680 0.479973
W C 2132.4 855.9 197.2 2052.5 2000.0 855.9 197.2 2000.0
F 987.286281 592.544680 0.479973
W C 2097.3 847.9 199.6 2048.1 2000.0 847.9 199.6 2000.0
F 1027.009036 613.360906 0.482299
W C 2111.1 865.4 236.4 2066.2 2000.0 865.4 236.4 2000.0
F 1066.276147 633.918687 0.482299
W C 2109.5 876.4 275.2 2087.6 2000.0 876.4 275.2 2000.0
F 1106.161637 654.800212 0.482299
W C 1856.7 1495.5 318.9 2101.4 2000.0 1495.5 318.9 2000.0
F 1106.161637 654.800212 0.482299
W C 318.9 2101.4 318.9 2000.0
F 1145.737938 675.519865 0.482299
W C 358.0 2123.0 358.0 2000.0
F 1185.623428 696.401391 0.482299
W C 1850.9 1441.6 399.3 2141.3 2000.0 1441.6 399.3 2000.0
F 1225.199728 717.121044 0.482299
W C 1867.9 1437.0 2000.0 1437.0
F 1265.085219 738.002569 0.482299
W C 1851.5 874.3 1892.4 1440.7 2000.0 874.3 2000.0 1440.7
F 1265.085219 738.002569 0.482299
W C 1854.5 1398.2 2000.0 1398.2
F 1303.990788 759.605958 0.503239
W C 1858.6 1407.7 2000.0 1407.7
F 1340.851270 785.897321 0.603286
W C 397.5 2109.0 397.5 2000.0
F 1371.831952 818.434350 0.780113
W C 1869.9 774.8 1997.0 1181.6 200.4 1964.8 2000.0 774.8 2000.0 1181.6 200.4 2000.0
F 1371.831952 818.434350 0.780113
W C 1902.8 771.9 1988.4 1176.6 191.1 1973.9 2000.0 771.9 2000.0 1176.6 191.1 2000.0
F 1395.832486 856.692973 0.977879
W C 2062.7 930.6 1942.7 1340.2 -28.3 1783.3 2000.0 930.6 2000.0 1340.2 0.0 1783.3
F 1411.861209 895.461273 1.143073
W C
F 1422.028874 935.935671 1.291979
W C 1891.5 846.1 2000.0 846.1
F 1422.028874 935.935671 1.291979
W C 1949.5 835.0 1981.5 1188.8 1341.6 1927.7 443.5 2110.8 2000.0 835.0 2000.0 1188.8 1341.6 2000.0 443.5 2000.0
F 1425.857080 976.975925 1.443213
W C 2037.4 953.8 1917.4 1296.0 1166.1 2075.7 2000.0 953.8 2000.0 1296.0 1166.1 2000.0
F 1423.908607 1017.775955 1.585139
W C 1861.3 773.4 145.1 1861.4 2000.0 773.4 0.0 1861.4
F 1415.549944 1058.675233 1.738699
W C 1896.4 879.9 11.8 1701.8 2000.0 879.9 0.0 1701.8
F 1400.844919 1092.999080 1.920179
W C 1977.9 991.3 1934.0 1343.4 -135.6 1482.2 2000.0 991.3 2000.0 1343.4 0.0 1482.2
F 1400.844919 1092.999080 1.920179
W C 2032.1 981.7 1902.3 1328.5 2000.0 981.7 2000.0 1328.5
F 1379.943189 1123.569748 2.110966
W C 1126.4 1985.0 293.6 1985.9 1126.4 2000.0 293.6 2000.0
F 1353.794695 1149.767665 2.297099
W C 2028.7 1288.3 2000.0 1288.3
F 1323.249662 1170.674018 2.483233
W C 1877.6 1397.6 -27.2 1586.4 72.0 763.0 416.3 -41.6 2000.0 1397.6 0.0 1586.4 0.0 763.0 416.3 0.0
F 1323.249662 1170.674018 2.483233
W C 1863.7 1391.9 1291.9 1867.0 -56.8 1595.6 416.3 -41.6 2000.0 1391.9 1291.9 2000.0 0.0 1595.6 416.3 0.0
F 1287.959197 1185.517078 2.685653
W C 1091.6 1963.1 294.4 2039.3 -79.2 407.5 1091.6 2000.0 294.4 2000.0 0.0 407.5
F 1251.121339 1192.937230 2.883419
W C 119.4 210.0 0.0 210.0
F 1214.089411 1193.227616 3.074206
W C 16.7 1591.7 313.9 45.0 0.0 1591.7 313.9 0.0
F 1174.661554 1189.640910 3.199846
W C 287.9 2119.7 -65.2 1435.4 434.7 -46.9 1267.8 -60.9 287.9 2000.0 0.0 1435.4 434.7 0.0 1267.8 0.0
F 1174.661554 1189.640910 3.199846
W C 340.4 2064.7 -143.7 1450.9 1253.3 133.6 340.4 2000.0 0.0 1450.9 1253.3 0.0
F 1129.535714 1187.131787 3.197519
W C 995.3 2102.3 318.6 2041.6 995.3 2000.0 318.6 2000.0
F 1085.114702 1184.523118 3.199846
W C 293.6 2014.7 357.5 -31.4 293.6 2000.0 357.5 0.0
F 1040.518476 1181.922296 3.199846
W C 316.5 -28.0 316.5 0.0
F 1040.518476 1181.922296 3.199846
W C
F 995.044205 1179.393259 3.197519
W C
F 950.274761 1176.764676 3.199846
W C 225.7 1936.7 1031.0 92.8 225.7 2000.0 1031.0 0.0
F 905.497352 1174.275467 3.197519
W C 1266.8 1889.2 188.9 1929.4 985.1 71.1 1266.8 2000.0 188.9 2000.0 985.1 0.0
F 905.497352 1174.275467 3.197519
W C 1282.6 1920.4 194.4 1923.6 251.9 87.7 987.1 43.2 1282.6 2000.0 194.4 2000.0 251.9 0.0 987.1 0.0
F 861.243650 1171.797920 3.197519
W C 1253.7 1948.3 169.4 1900.8 224.1 112.7 945.1 8.8 1253.7 2000.0 169.4 2000.0 224.1 0.0 945.1 0.0
F 816.474207 1169.169338 3.199846
W C 1212.9 1958.2 143.0 1875.6 196.2 132.6 904.3 -10.6 1212.9 2000.0 0.0 1875.6 196.2 0.0 904.3 0.0
F 771.696798 1166.680128 3.197519
W C 1193.0 2000.3 120.5 1852.9 860.1 -58.1 1193.0 2000.0 0.0 1852.9 860.1 0.0
F 726.927354 1164.051546 3.199846
W C 1151.7 2009.3 85.9 1836.4 134.4 173.8 818.8 -69.5 1151.7 2000.0 0.0 1836.4 0.0 173.8 818.8 0.0
F 682.149945 1161.562336 3.197519
W C 1121.5 2030.9 51.6 1826.0 101.2 195.8 773.5 -105.1 1121.5 2000.0 0.0 1826.0 0.0 195.8 773.5 0.0
F 682.149945 1161.562336 3.197519
W C 1142.2 2071.9 66.1 1810.8 121.8 230.1 775.5 -133.1 1142.2 2000.0 0.0 1810.8 0.0 230.1 775.5 0.0
F 637.199335 1159.045773 3.197519
W C 1101.8 2078.3 32.8 1795.9 85.1 241.3 1101.8 2000.0 0.0 1795.9 0.0 241.3
F 592.597179 1156.548719 3.197519
W C 1083.8 2128.5 8.2 1772.4 63.2 276.5 1083.8 2000.0 0.0 1772.4 0.0 276.5
F 547.646569 1154.032156 3.197519
W C 1037.9 2124.2 402.1 2146.4 -25.1 1757.5 23.9 283.4 1037.9 2000.0 402.1 2000.0 0.0 1757.5 0.0 283.4
F 547.646569 1154.032156 3.197519
W C 406.1 2118.7 -18.9 1751.0 37.3 305.7 406.1 2000.0 0.0 1751.0 0.0 305.7
F 502.725222 1151.027774 3.206826
W C -46.4 1719.0 20.1 331.6 0.0 1719.0 0.0 331.6
F 459.447774 1138.964467 3.383653
W C 134.8 264.3 0.0 264.3
F 425.115750 1115.437142 3.676813
W C -72.2 1804.8 -111.6 446.1 1129.1 -29.4 0.0 1804.8 0.0 446.1 1129.1 0.0
F 403.328831 1089.520536 3.918786
W C 77.5 2348.0 51.4 330.1 0.0 2348.0 0.0 330.1
F 403.328831 1089.520536 3.918786
W C 95.6 2278.3 65.7 360.9 587.8 74.1 0.0 2278.3 0.0 360.9 587.8 0.0
F 388.135490 1058.474502 4.165413
W C -101.3 1954.5 111.0 789.8 860.4 18.7 0.0 1954.5 0.0 789.8 860.4 0.0
F 380.973866 1025.945957 4.400406
W C -42.6 359.1 1250.0 -90.8 0.0 359.1 1250.0 0.0
F 381.804979 992.098512 4.642379
W C
F 381.804979 992.098512 4.642379
W C 118.2 798.6 644.9 109.5 0.0 798.6 644.9 0.0
F 391.189266 958.804783 4.893659
W C -91.6 369.3 932.9 57.0 0.0 369.3 932.9 0.0
F 407.644999 929.635415 5.130979
W C 99.1 289.1 1308.4 16.0 0.0 289.1 1308.4 0.0
F 430.320933 905.238753 5.365973
W C
F 457.289091 886.968760 5.591659
W C 41.7 281.9 993.5 144.3 1385.8 2045.9 0.0 281.9 993.5 0.0 1385.8 2000.0
F 457.289091 886.968760 5.591659
W C 57.0 304.2 1046.2 71.4 1360.8 2014.7 0.0 304.2 1046.2 0.0 1360.8 2000.0
F 488.250503 875.195695 5.824326
W C 1073.5 2109.5 1073.5 2000.0
F 521.420199 870.761773 6.056993
W C -77.8 227.6 1718.8 1979.7 0.0 227.6 1718.8 2000.0
F 564.365035 863.964795 6.115159
W C 53.3 247.2 997.9 132.9 0.0 247.2 997.9 0.0
F 564.365035 863.964795 6.115159
W C 96.7 299.5 1086.2 -15.9 1551.8 1891.4 0.0 299.5 1086.2 0.0 1551.8 2000.0
F 608.256079 856.643064 6.117486
W C 139.4 288.0 1131.1 -20.3 1586.4 1879.2 0.0 288.0 1131.1 0.0 1586.4 2000.0
F 652.316218 849.274771 6.117486
W C 597.4 127.4 597.4 0.0
F 696.720576 841.848912 6.117486
W C 641.0 110.0 641.0 0.0
F 740.436495 834.538184 6.117486
W C 683.9 91.7 1288.9 -85.4 683.9 0.0 1288.9 0.0
F 740.436495 834.538184 6.117486
W C 682.7 76.7 1258.2 -33.8 682.7 0.0 1258.2 0.0
F 784.840854 827.112325 6.117486
W C 727.1 68.3 1291.8 -23.2 984.0 2148.2 727.1 0.0 1291.8 0.0 984.0 2000.0
F 829.245213 819.686467 6.117486
W C 1308.0 16.6 1026.9 2130.9 1308.0 0.0 1026.9 2000.0
F 873.305352 812.318174 6.117486
W C 1331.6 43.6 1331.6 0.0
F 917.709710 804.892315 6.117486
W C 1363.2 57.6 1363.2 0.0
F 917.709710 804.892315 6.117486
W C 856.7 3.2 1335.6 104.0 856.7 0.0 1335.6 0.0
F 963.073501 802.271687 6.210553
W C 508.6 133.0 976.9 -4.6 508.6 0.0 976.9 0.0
F 1007.957669 804.257630 0.027414
W C 620.7 89.4 1105.5 -25.0 1679.4 1851.5 620.7 0.0 1105.5 0.0 1679.4 2000.0
F 1052.419037 810.716666 0.127461
W C 1240.7 -42.8 1598.6 1885.9 1240.7 0.0 1598.6 2000.0
F 1052.419037 810.716666 0.127461
W C 1250.7 -87.7 1584.2 1857.4 1250.7 0.0 1584.2 2000.0
F 1095.866911 821.434396 0.225181
W C 851.0 26.3 1387.3 -73.3 1524.0 1917.8 851.0 0.0 1387.3 0.0 1524.0 2000.0
F 1138.397677 836.434377 0.322901
W C 971.7 18.2 1492.1 28.5 1446.4 1929.9 971.7 0.0 1492.1 0.0 1446.4 2000.0
F 1178.726331 855.433774 0.422947
W C 1089.3 -28.0 1369.8 1938.7 1089.3 0.0 1369.8 2000.0
F 1178.726331 855.433774 0.422947
W C 1088.7 -34.0 1854.4 1527.5 1368.4 1930.8 1088.7 0.0 2000.0 1527.5 1368.4 2000.0
F 1216.811814 878.975731 0.534627
W C 1226.9 -60.0 1899.2 1728.9 1284.2 1949.9 1226.9 0.0 2000.0 1728.9 1284.2 2000.0
F 1249.390683 910.254561 0.732394
W C 1453.7 -55.4 1744.6 1864.4 1105.9 1967.6 1453.7 0.0 1744.6 2000.0 1105.9 2000.0
F 1274.954034 947.067376 0.930161
W C 1673.3 21.1 924.6 1961.2 1673.3 0.0 924.6 2000.0
F 1293.032082 984.709037 1.088374
W C 1412.5 1953.4 769.8 1963.6 1412.5 2000.0 769.8 2000.0
F 1293.032082 984.709037 1.088374
W C 1411.3 1943.4 761.3 1979.5 1411.3 2000.0 761.3 2000.0
F 1305.559953 1023.762733 1.227974
W C 1290.3 1929.6 606.4 1981.8 1290.3 2000.0 606.4 2000.0
F 1312.276898 1063.701577 1.369901
W C 1171.4 1943.5 459.5 1938.9 1171.4 2000.0 459.5 2000.0
F 1312.846398 1105.442371 1.523461
W C 1581.9 1971.6 1043.3 1940.0 1581.9 2000.0 1043.3 2000.0
F 1311.765570 1148.387565 1.583954
W C 994.5 1959.5 73.2 1967.6 994.5 2000.0 0.0 1967.6
F 1311.765570 1148.387565 1.583954
W C 1501.3 1920.5 996.3 1954.9 -122.0 2096.7 1501.3 2000.0 996.3 2000.0 0.0 2096.7
F 1311.177807 1193.055698 1.583954
W C 1493.8 1937.0 1000.1 1988.4 -104.2 2129.2 1493.8 2000.0 1000.1 2000.0 0.0 2129.2
F 1310.590043 1237.723832 1.583954
W C 1483.0 1939.9 1005.0 2019.1 -68.1 2149.6 1483.0 2000.0 1005.0 2000.0 0.0 2149.6
F 1310.006871 1282.042995 1.583954
W C 1478.8 1969.6 1007.7 2055.0 -52.9 2183.4 1478.8 2000.0 1007.7 2000.0 0.0 2183.4
F 1310.006871 1282.042995 1.583954
W C 1467.6 1924.0 1027.3 2004.7 -41.2 2175.7 1467.6 2000.0 1027.3 2000.0 0.0 2175.7
F 1309.289854 1327.232851 1.586281
W C 1850.4 1800.7 1464.9 1967.6 1032.3 2030.6 -35.6 2212.3 2000.0 1800.7 1464.9 2000.0 1032.3 2000.0 0.0 2212.3
F 1308.603568 1371.550537 1.586281
W C 1455.0 1974.0 1052.8 2021.0 1455.0 2000.0 1052.8 2000.0
F 1307.906474 1416.566140 1.586281
W C 1444.2 1977.2 1064.6 2034.4 1444.2 2000.0 1064.6 2000.0
F 1307.209381 1461.581743 1.586281
W C 1441.1 2012.5 1072.3 2058.0 1441.1 2000.0 1072.3 2000.0
F 1307.209381 1461.581743 1.586281
W C 1761.8 1859.3 1428.1 1959.1 1093.2 2005.0 1761.8 2000.0 1428.1 2000.0 1093.2 2000.0
F 1306.517691 1506.248388 1.586281
W C 1725.0 1872.4 1418.0 1964.9 1112.7 1998.5 1725.0 2000.0 1418.0 2000.0 1112.7 2000.0
F 1301.541226 1551.222874 1.667714
W C 1672.1 1932.9 1374.2 2010.5 1077.6 2007.2 234.7 2134.8 1672.1 2000.0 1374.2 2000.0 1077.6 2000.0 234.7 2000.0
F 1292.155316 1594.977785 1.765434
W C 1595.0 1975.1 1317.6 2024.2 1037.9 2005.6 163.4 2076.0 1595.0 2000.0 1317.6 2000.0 1037.9 2000.0 163.4 2000.0
F 1292.155316 1594.977785 1.765434
W C 1562.0 1933.6 1314.4 1969.3 1042.7 1998.0 -59.2 2170.9 1562.0 2000.0 1314.4 2000.0 1042.7 2000.0 0.0 2170.9
F 1278.470492 1637.405405 1.865481
W C 1490.4 1966.0 1264.4 1981.1 999.7 2000.8 -109.4 2071.0 1490.4 2000.0 1264.4 2000.0 999.7 2000.0 0.0 2071.0
F 1260.380663 1678.910694 1.965527
W C 1736.5 1929.5 1403.4 1958.5 1218.0 1977.9 959.0 1999.5 -128.6 1964.5 1736.5 2000.0 1403.4 2000.0 1218.0 2000.0 959.0 2000.0 0.0 1964.5
F 1238.718617 1717.670322 2.063247
W C 1652.2 1989.8 1346.0 1990.3 1169.5 2002.4 906.8 2008.0 -150.6 1864.2 1652.2 2000.0 1346.0 2000.0 1169.5 2000.0 906.8 2000.0 -150.6 2000.0
F 1238.718617 1717.670322 2.063247
W C 1586.2 1946.4 1332.5 1955.9 1174.4 1982.0 912.0 2003.4 -127.7 1861.7 1586.2 2000.0 1332.5 2000.0 1174.4 2000.0 912.0 2000.0 0.0 1861.7
F 1209.812229 1752.497359 2.235421
W C 1467.1 1994.2 1254.5 1969.9 1109.2 1983.5 839.9 1977.5 1467.1 2000.0 1254.5 2000.0 1109.2 2000.0 839.9 2000.0
F 1174.776350 1780.710806 2.430861
W C 1781.8 1992.8 1340.6 2012.5 1176.3 1987.7 1038.0 1978.0 725.0 1945.4 -136.7 1428.2 -110.6 238.0 1781.8 2000.0 1340.6 2000.0 1176.3 2000.0 1038.0 2000.0 725.0 2000.0 0.0 1428.2 0.0 238.0
F 1137.468985 1801.394125 2.600707
W C 1712.1 2119.9 1251.7 2037.2 1105.6 1995.8 968.0 1974.1 626.0 1895.1 -61.0 1248.2 83.8 -18.6 1712.1 2000.0 1251.7 2000.0 1105.6 2000.0 968.0 2000.0 626.0 2000.0 0.0 1248.2 0.0 -18.6
F 1098.776159 1817.733918 2.717041
W C 1488.0 2097.0 1164.2 2005.7 1053.4 1976.4 919.7 1962.1 384.3 1864.1 265.9 -106.8 1488.0 2000.0 1164.2 2000.0 1053.4 2000.0 919.7 2000.0 384.3 2000.0 265.9 0.0
F 1098.776159 1817.733918 2.717041
W C 1394.5 2029.9 1156.3 1983.0 1058.6 1958.1 910.4 1969.6 -137.6 1898.0 1394.5 2000.0 1156.3 2000.0 1058.6 2000.0 910.4 2000.0 0.0 1898.0
F 1057.751972 1836.278634 2.717041
W C 1295.0 2006.5 1105.7 1974.2 1020.1 1968.0 864.7 1991.9 -160.7 1915.4 284.8 50.4 1295.0 2000.0 1105.7 2000.0 1020.1 2000.0 864.7 2000.0 -160.7 2000.0 284.8 0.0
F 1017.363818 1854.535834 2.717041
W C 1222.9 2002.0 1061.1 1980.1 979.4 1987.2 832.1 2003.9 -172.1 1931.8 251.6 85.1 1222.9 2000.0 1061.1 2000.0 979.4 2000.0 832.1 2000.0 -172.1 2000.0 251.6 0.0
F 975.048710 1869.517437 2.789167
W C 1155.6 2019.9 1008.0 1992.2 930.7 1990.7 782.8 2002.9 -186.9 1861.1 341.1 56.2 1155.6 2000.0 1008.0 2000.0 930.7 2000.0 782.8 2000.0 -186.9 2000.0 341.1 0.0
F 931.759060 1880.134235 2.884561
W C 1071.8 2021.5 951.4 1996.5 880.0 1988.4 744.2 1985.3 -138.5 948.5 470.0 1.0 1071.8 2000.0 951.4 2000.0 880.0 2000.0 744.2 2000.0 0.0 948.5 470.0 0.0
F 931.759060 1880.134235 2.884561
W C 1050.7 2000.2 950.9 1993.5 881.3 1985.7 735.5 1990.2 -148.5 1768.8 477.9 33.1 1050.7 2000.0 950.9 2000.0 881.3 2000.0 735.5 2000.0 0.0 1768.8 477.9 0.0
F 887.080298 1886.327221 2.986934
W C 973.1 1993.0 894.2 1995.1 825.5 1987.0 652.1 1988.0 626.9 20.4 973.1 2000.0 894.2 2000.0 825.5 2000.0 652.1 2000.0 626.9 0.0
F 841.837379 1888.061932 3.086981
W C 906.4 1986.9 837.9 2000.0 772.4 1979.7 563.6 1976.7 -131.0 614.0 906.4 2000.0 837.9 2000.0 772.4 2000.0 563.6 2000.0 0.0 614.0
F 797.167035 1885.388395 3.184701
W C 850.8 1988.2 782.9 1992.4 717.0 1972.0 485.2 1952.1 -64.1 494.4 850.8 2000.0 782.9 2000.0 717.0 2000.0 485.2 2000.0 0.0 494.4
F 797.167035 1885.388395 3.184701
W C 850.3 1987.4 782.7 1993.4 712.3 1977.2 368.9 1977.0 -146.7 1483.2 850.3 2000.0 782.7 2000.0 712.3 2000.0 368.9 2000.0 0.0 1483.2
F 752.812505 1878.232406 3.284747
W C 796.7 1987.8 726.3 1990.1 646.5 1972.3 58.1 1955.5 -137.4 1388.6 -148.2 33.5 796.7 2000.0 726.3 2000.0 646.5 2000.0 0.0 1955.5 0.0 1388.6 0.0 33.5
F 709.880629 1866.900727 3.382467
W C 741.4 1975.4 670.3 1982.3 583.5 1958.4 -155.0 1878.2 -125.9 1294.4 -0.9 -41.0 741.4 2000.0 670.3 2000.0 583.5 2000.0 -155.0 2000.0 0.0 1294.4 0.0 -41.0
F 667.128279 1850.969333 3.482514
W C 690.2 1975.8 614.1 1966.4 495.1 1951.0 -111.1 1194.7 165.9 -59.4 690.2 2000.0 614.1 2000.0 495.1 2000.0 0.0 1194.7 165.9 0.0
F 627.582380 1831.555840 3.580234
W C 639.1 1966.1 561.5 1944.7 413.9 1929.3 85.3 1275.1 323.2 -68.2 639.1 2000.0 561.5 2000.0 413.9 2000.0 0.0 1275.1 323.2 0.0
F 627.582380 1831.555840 3.580234
W C 640.7 1985.0 547.9 1968.0 350.2 1958.4 119.5 1310.2 329.4 -29.7 1507.8 31.2 640.7 2000.0 547.9 2000.0 350.2 2000.0 0.0 1310.2 329.4 0.0 1507.8 0.0
F 589.194553 1807.886446 3.677954
W C 586.9 1988.9 473.8 1967.5 213.8 1937.0 -145.5 1594.7 -85.5 964.5 1669.7 55.2 586.9 2000.0 473.8 2000.0 213.8 2000.0 0.0 1594.7 0.0 964.5 1669.7 0.0
F 553.151173 1780.192791 3.780327
W C 531.0 1971.9 415.3 1934.7 121.7 1880.6 -145.7 1497.1 -36.7 864.8 1819.9 130.4 531.0 2000.0 415.3 2000.0 0.0 1880.6 0.0 1497.1 0.0 864.8 1819.9 0.0
F 520.233806 1749.365652 3.878047
W C 475.9 1954.6 340.1 1915.4 -27.0 1821.5 -130.8 1408.3 -3.1 730.9 768.0 -22.4 1987.7 182.2 475.9 2000.0 340.1 2000.0 0.0 1821.5 0.0 1408.3 0.0 730.9 768.0 0.0 2000.0 182.2
F 520.233806 1749.365652 3.878047
W C 471.7 1974.2 309.9 1943.2 -121.1 1413.4 -30.9 676.7 765.1 -1.6 1909.1 266.1 471.7 2000.0 309.9 2000.0 0.0 1413.4 0.0 676.7 765.1 0.0 2000.0 266.1
F 490.940140 1715.761211 3.978094
W C 413.4 1955.5 225.6 1915.2 -106.9 1321.8 18.6 514.3 908.1 3.8 1938.9 450.4 413.4 2000.0 225.6 2000.0 0.0 1321.8 0.0 514.3 908.1 0.0 2000.0 450.4
F 464.928849 1679.128641 4.078141
W C 345.4 1952.1 119.4 1888.4 -88.3 1229.3 62.3 249.7 1046.3 30.6 345.4 2000.0 0.0 1888.4 0.0 1229.3 0.0 249.7 1046.3 0.0
F 442.506114 1639.999541 4.175861
W C 291.6 1909.6 49.3 1828.4 -65.6 1137.0 158.1 48.2 1179.4 61.5 291.6 2000.0 0.0 1828.4 0.0 1137.0 158.1 0.0 1179.4 0.0
F 424.334896 1599.485843 4.273581
W C 226.1 1884.3 -54.9 1773.9 -38.7 1041.6 1312.2 99.6 226.1 2000.0 0.0 1773.9 0.0 1041.6 1312.2 0.0
F 424.334896 1599.485843 4.273581
W C 207.8 1910.5 -135.7 1803.3 -130.7 1449.2 110.8 1221.6 290.4 -90.2 1319.3 87.5 207.8 2000.0 0.0 1803.3 0.0 1449.2 0.0 1221.6 290.4 0.0 1319.3 0.0
F 408.480744 1557.684574 4.338727
W C 151.6 1879.8 -121.4 1376.4 385.4 -96.2 1411.9 89.9 1892.3 1003.3 151.6 2000.0 0.0 1376.4 385.4 0.0 1411.9 0.0 2000.0 1003.3
F 391.997058 1515.977253 4.336401
W C 96.7 1888.0 -129.7 1338.8 -74.5 876.0 365.9 -83.8 1398.7 35.9 1854.9 965.5 0.0 1888.0 0.0 1338.8 0.0 876.0 365.9 0.0 1398.7 0.0 2000.0 965.5
F 375.465708 1474.101186 4.336401
W C 70.2 1858.7 -128.3 1303.1 -75.2 855.9 349.5 -121.7 1369.8 12.2 0.0 1858.7 0.0 1303.1 0.0 855.9 349.5 0.0 1369.8 0.0
F 375.465708 1474.101186 4.336401
W C 53.4 1879.8 -117.9 1306.6 -64.0 871.3 350.0 -88.7 1353.5 36.2 0.0 1879.8 0.0 1306.6 0.0 871.3 350.0 0.0 1353.5 0.0
F 359.062509 1432.549741 4.336401
W C 10.9 1871.2 -148.4 1581.9 -113.4 1272.1 -60.3 857.2 334.4 -81.2 1310.1 34.3 0.0 1871.2 0.0 1581.9 0.0 1272.1 0.0 857.2 334.4 0.0 1310.1 0.0
F 342.708731 1390.791311 4.338727
W C -20.2 1845.8 -120.9 1232.2 -66.0 827.4 321.8 -106.1 1282.9 15.4 0.0 1845.8 0.0 1232.2 0.0 827.4 321.8 0.0 1282.9 0.0
F 326.225044 1349.083990 4.336401
W C -59.9 1835.5 -120.7 1197.3 -65.5 811.7 302.7 -97.7 1237.9 8.8 1875.2 766.2 0.0 1835.5 0.0 1197.3 0.0 811.7 302.7 0.0 1237.9 0.0 2000.0 766.2
F 309.565545 1306.883303 4.336401
W C -89.6 1809.7 -128.9 1158.0 -78.0 775.2 286.3 -118.9 1213.9 -22.7 1863.2 722.3 0.0 1809.7 0.0 1158.0 0.0 775.2 286.3 0.0 1213.9 0.0 2000.0 722.3
F 309.565545 1306.883303 4.336401
W C -116.9 1844.2 -138.4 1438.8 136.3 1248.0 -53.3 809.1 287.0 -77.9 1181.3 25.3 1884.7 714.2 0.0 1844.2 0.0 1438.8 0.0 1248.0 0.0 809.1 287.0 0.0 1181.3 0.0 2000.0 714.2
F 297.586002 1263.596760 4.427141
W C -143.8 1351.0 119.4 1184.4 -6.9 754.7 398.5 -88.6 1266.6 84.8 1932.5 812.6 0.0 1351.0 0.0 1184.4 0.0 754.7 398.5 0.0 1266.6 0.0 2000.0 812.6
F 290.140640 1220.176392 4.524861
W C -148.8 1263.2 147.5 1139.3 29.5 668.6 518.9 -95.1 1384.4 126.7 1933.7 935.6 0.0 1263.2 0.0 1139.3 0.0 668.6 518.9 0.0 1384.4 0.0 2000.0 935.6
F 286.920013 1175.014921 4.624907
W C -128.1 1174.1 -55.1 933.0 68.3 559.7 644.0 -104.1 1925.7 1057.8 0.0 1174.1 0.0 933.0 0.0 559.7 644.0 0.0 2000.0 1057.8
F 286.920013 1175.014921 4.624907
W C 143.9 1174.7 -49.4 937.0 54.9 522.0 631.9 -60.7 1905.8 1059.2 0.0 1174.7 0.0 937.0 0.0 522.0 631.9 0.0 2000.0 1059.2
F 288.110602 1129.932241 4.722627
W C -31.7 853.1 91.0 337.1 732.8 -16.9 1894.6 1172.2 0.0 853.1 0.0 337.1 732.8 0.0 2000.0 1172.2
F 291.731416 1085.377093 4.783121
W C -83.4 1024.7 -15.8 784.8 133.3 229.9 1893.7 1224.8 0.0 1024.7 0.0 784.8 0.0 229.9 2000.0 1224.8
F 294.779167 1040.634230 4.780794
W C 55.9 1157.6 -84.4 980.2 -22.7 731.7 107.8 44.0 1864.2 123.0 0.0 1157.6 0.0 980.2 0.0 731.7 0.0 44.0 2000.0 123.0
F 297.941920 996.249227 4.783121
W C 127.1 1079.4 -68.3 937.0 -20.3 685.2 109.2 -22.4 1821.9 109.9 1891.9 1135.0 0.0 1079.4 0.0 937.0 0.0 685.2 0.0 -22.4 1821.9 0.0 2000.0 1135.0
F 297.941920 996.249227 4.783121
W C 90.3 1097.4 -64.3 937.6 -18.8 686.6 108.5 -26.4 1805.5 119.5 1894.9 1135.2 0.0 1097.4 0.0 937.6 0.0 686.6 0.0 -26.4 1805.5 0.0 2000.0 1135.2
F 301.099013 951.688927 4.783121
W C 116.8 1041.4 -62.2 892.9 -12.8 644.8 116.0 -47.3 1731.7 119.6 1902.0 1091.0 0.0 1041.4 0.0 892.9 0.0 644.8 0.0 -47.3 1731.7 0.0 2000.0 1091.0
F 304.146763 906.946065 4.780794
W C -105.4 1107.5 -53.3 849.9 -4.8 606.4 116.6 -92.6 1721.6 78.1 1906.4 1042.7 0.0 1107.5 0.0 849.9 0.0 606.4 0.0 -92.6 1721.6 0.0 2000.0 1042.7
F 307.333776 862.212906 4.783121
W C -96.4 1058.8 -47.1 804.9 -2.3 559.5 121.9 -138.8 1664.5 72.9 1913.3 1002.0 0.0 1058.8 0.0 804.9 0.0 559.5 0.0 -138.8 1664.5 0.0 2000.0 1002.0
F 307.333776 862.212906 4.783121
W C -98.1 1059.7 -46.1 805.0 2.7 564.4 126.3 -115.2 720.4 -37.5 1594.5 113.6 1917.2 1002.3 0.0 1059.7 0.0 805.0 0.0 564.4 0.0 -115.2 720.4 0.0 1594.5 0.0 2000.0 1002.3
F 310.430046 816.773732 4.780794
W C -91.0 1013.4 -42.1 760.6 5.1 519.7 129.3 -148.4 711.0 -61.1 1584.6 71.8 1920.7 953.2 0.0 1013.4 0.0 760.6 0.0 519.7 0.0 -148.4 711.0 0.0 1584.6 0.0 2000.0 953.2
F 313.459599 772.554391 4.780794
W C -82.6 966.5 -33.2 717.3 16.0 483.1 142.1 -140.5 693.7 -60.8 1516.0 69.4 1940.6 910.4 0.0 966.5 0.0 717.3 0.0 483.1 0.0 -140.5 693.7 0.0 1516.0 0.0 2000.0 910.4
F 316.646612 727.821232 4.783121
W C -73.6 917.8 -25.9 672.4 20.6 438.4 155.5 -142.4 685.5 -75.5 1464.6 60.2 1937.5 868.9 0.0 917.8 0.0 672.4 0.0 438.4 155.5 0.0 685.5 0.0 1464.6 0.0 2000.0 868.9
F 316.646612 727.821232 4.783121
W C -76.3 919.1 -21.9 673.0 23.5 441.2 160.0 -117.8 677.6 -58.3 1449.1 69.2 1940.5 869.2 0.0 919.1 0.0 673.0 0.0 441.2 160.0 0.0 677.6 0.0 1449.1 0.0 2000.0 869.2
F 319.828369 682.912805 4.783121
W C -64.1 869.8 -17.8 628.3 32.4 401.9 171.2 -119.4 658.6 -55.0 1372.7 70.6 1953.7 825.1 0.0 869.8 0.0 628.3 0.0 401.9 171.2 0.0 658.6 0.0 1372.7 0.0 2000.0 825.1
F 322.876120 638.169942 4.780794
W C -60.6 826.0 -14.9 584.3 36.2 359.2 653.7 -86.9 1360.5 31.5 1951.0 776.1 0.0 826.0 0.0 584.3 0.0 359.2 653.7 0.0 1360.5 0.0 2000.0 776.1
F 326.063133 593.436784 4.783121
W C -53.3 778.2 -2.7 540.2 42.9 316.6 636.9 -83.6 1289.9 32.9 1969.8 736.5 0.0 778.2 0.0 540.2 0.0 316.6 636.9 0.0 1289.9 0.0 2000.0 736.5
F 328.989584 550.434700 4.780794
W C -47.3 734.7 4.1 498.6 47.3 276.4 630.0 -109.1 1274.3 -2.3 1969.1 689.3 0.0 734.7 0.0 498.6 0.0 276.4 630.0 0.0 1274.3 0.0 2000.0 689.3
F 329.508021 543.998671 4.783121
W C -47.2 727.4 10.7 492.4 57.1 277.7 621.2 -91.2 1219.9 26.2 1971.3 686.9 0.0 727.4 0.0 492.4 0.0 277.7 621.2 0.0 1219.9 0.0 2000.0 686.9
F 329.508021 543.998671 4.783121
W C -36.4 722.2 13.6 492.9 63.5 284.0 205.7 -124.6 602.8 -51.3 1977.3 687.4 0.0 722.2 0.0 492.9 0.0 284.0 205.7 0.0 602.8 0.0 2000.0 687.4
F 329.508021 543.998671 4.783121
W C -33.7 720.9 14.6 493.0 59.9 280.5 206.0 -122.7 604.1 -54.0 1982.3 687.9 0.0 720.9 0.0 493.0 0.0 280.5 206.0 0.0 604.1 0.0 2000.0 687.9
F 329.508021 543.998671 4.783121
W C -34.6 721.3 15.6 493.2 58.5 279.1 204.9 -128.6 604.1 -54.0 1979.3 687.6 0.0 721.3 0.0 493.2 0.0 279.1 204.9 0.0 604.1 0.0 2000.0 687.6
F 329.508021 543.998671 4.783121
W C -35.5 721.7 16.6 493.4 58.5 279.1 205.1 -127.6 602.4 -50.3 1980.3 687.7 0.0 721.7 0.0 493.4 0.0 279.1 205.1 0.0 602.4 0.0 2000.0 687.7
F 329.508021 543.998671 4.783121
W C -36.4 722.2 14.6 493.0 57.8 278.4 205.1 -127.6 603.7 -53.1 1978.3 687.5 0.0 722.2 0.0 493.0 0.0 278.4 205.1 0.0 603.7 0.0 2000.0 687.5
F 329.508021 543.998671 4.783121
W C -31.9 720.0 13.6 492.9 57.1 277.7 205.8 -123.6 603.2 -52.2 1981.3 687.8 0.0 720.0 0.0 492.9 0.0 277.7 205.8 0.0 603.2 0.0 2000.0 687.8
F 329.508021 543.998671 4.783121
W C -38.2 723.1 14.6 493.0 60.6 281.2 205.7 -124.6 601.1 -47.6 1978.3 687.5 0.0 723.1 0.0 493.0 0.0 281.2 205.7 0.0 601.1 0.0 2000.0 687.5
