D C 393.9 -312.8 1414.7 -461.4 1735.1 242.4 1126.8 563.9 542.7 596.0 893.9 1313.7
D C 395.5 -314.0 1424.2 -464.5 1734.2 242.3 1133.9 567.5 544.7 598.2 893.4 1312.9
D C 397.8 -315.9 1420.4 -463.2 1731.2 241.9 1132.1 566.6 544.7 598.2 897.9 1319.5
D C 391.6 -310.9 1418.5 -462.6 1736.1 242.6 1138.4 569.7 542.7 596.0 891.7 1310.4
D C 397.0 -315.3 1419.4 -462.9 1730.2 241.7 1125.9 563.5 541.3 594.5 895.1 1315.3
D C 392.3 -311.6 1417.5 -462.3 1731.2 241.9 1133.9 567.5 543.3 596.7 890.0 1307.9
D C 394.7 -313.4 1426.1 -465.1 1727.2 241.3 1130.3 565.7 547.4 601.1 892.8 1312.0
D C 395.5 -314.0 1415.6 -461.7 1728.2 241.4 1129.5 565.2 548.0 601.9 893.9 1313.7
D C 397.0 -315.3 1415.6 -461.7 1731.2 241.9 1131.2 566.1 545.4 598.9 895.6 1316.2
D C 395.5 -314.0 1420.4 -463.2 1729.2 241.6 1129.5 565.2 548.0 601.9 894.5 1314.5
D C 397.0 -315.3 1421.3 -463.5 1730.2 241.7 1131.2 566.1 546.7 600.4 892.8 1312.0
D C 394.7 -313.4 1420.4 -463.2 1737.1 242.7 1142.9 572.0 542.7 596.0 893.9 1313.7
D C 396.3 -314.7 1427.0 -465.4 1734.2 242.3 1134.8 567.9 545.4 598.9 895.1 1315.3
D C 399.4 -317.2 1415.6 -461.7 1728.2 241.4 1126.8 563.9 544.7 598.2 887.8 1304.6
D C 386.9 -315.1 1400.4 -456.7 1703.0 248.6 1066.2 541.8 524.3 597.6 873.3 1317.9
D C 339.7 -313.1 1368.2 -464.9 1680.7 234.8 1041.8 545.6 489.9 594.1 847.3 1313.4
D C 309.9 -315.2 1327.5 -460.1 1636.7 238.9 990.3 542.1 451.9 591.1
D C 291.8 -311.7 1269.0 -448.6 1622.8 236.9 977.2 534.9 436.2 585.3
D C 244.1 -314.3 1212.6 -437.1 1559.5 247.2 927.4 537.6 380.6 589.9
D C 211.2 -313.5 1193.0 -438.3 1524.0 241.6 898.4 535.7 349.4 588.0
D C 172.3 -305.8 1163.3 -443.6 1496.3 237.2 870.6 541.0 322.4 599.8
D C 140.0 -307.6 1122.3 -435.9 1466.2 241.7 838.6 550.2 284.9 598.7
D C 123.3 -305.0 1105.7 -437.3 1441.1 246.6 830.2 559.3 269.7 604.6
D C 76.1 -306.7 1063.2 -435.6 1393.2 247.2 786.8 558.7 219.4 608.7
D C 1012.7 -429.5 1365.7 242.3 746.0 543.5 186.2 595.6
D C 993.6 -435.9 1319.4 250.9 709.2 550.8 147.9 600.0
D C 959.9 -435.3 1293.8 246.0 683.9 558.6 472.0 1309.5 114.7 608.3
D C -51.7 -316.8 923.6 -425.7 1260.9 247.8 651.7 559.6 433.7 1302.7 85.0 615.2
D C -88.4 -324.2 898.5 -427.5 1220.1 247.5 620.7 560.0 409.1 1308.6 50.3 610.9
D C 853.8 -432.3 1175.0 253.4 561.9 552.5 355.4 1303.4 -2.3 613.0
D C 847.6 -435.7 1154.9 256.5 553.0 564.1 340.8 1313.5 -21.3 616.6
D C 820.0 -440.8 1124.6 249.8 526.7 564.4 312.2 1301.1 -53.4 637.8
D C 762.1 -434.0 1074.7 252.6 471.7 565.0 263.5 1308.7 -105.4 616.0
D C 738.6 -432.7 1070.8 251.7 457.8 562.2 247.6 1312.9 -120.9 615.2
D C 700.5 -433.9 1019.1 252.8 412.0 567.2 198.6 1318.1 -165.0 616.3
D C 691.9 -434.5 1009.8 257.0 392.8 569.7 180.8 1308.6 -181.7 617.8
D C 665.2 -440.8 968.2 265.5 364.3 580.1 149.5 1320.6
D C 629.6 -439.8 942.5 264.7 335.7 581.0 116.5 1316.9
D C 592.8 -436.2 904.4 260.0 299.9 583.4 84.3 1321.3
D C 535.7 -425.4 872.9 274.3 253.0 596.6 27.6 1329.7
D C 539.3 -444.7 851.9 267.7 239.0 593.7 27.4 1323.7
D C 508.6 -440.8 799.2 262.0 199.5 587.0 -13.2 1328.9
D C 479.6 -447.6 777.9 265.6 169.3 592.3 -45.9 1331.2
D C 443.0 -445.1 749.4 271.4 134.6 592.9 -79.0 1336.7
D C 425.1 -443.1 722.4 266.6 119.4 593.1 -95.0 1329.6
D C 384.8 -453.8 686.0 277.4 65.5 578.3 -145.8 1343.1
D C 344.4 -449.1 653.1 273.4 34.5 599.0 -179.6 1346.1
D C 316.8 -452.0 627.9 281.2 1.4 600.0 -204.1 1340.6
D C 282.2 -460.4 600.9 282.5 -31.7 599.2
D C 233.3 -459.1 548.3 282.9 -80.4 602.7
D C 216.8 -453.9 525.4 279.3 -99.4 602.9
D C 169.3 -458.8 487.9 290.9 -146.3 605.6
D C 154.1 -451.4 470.4 296.4 -161.3 602.8
D C 118.5 -453.8 441.2 297.3
D C 71.6 -451.4 387.2 297.0
D C 52.4 -457.0 371.0 303.0
D C 4.5 -457.0 323.7 306.8
D C -12.6 -468.8 306.4 308.8
D C -44.7 -471.9 271.7 309.7
D C -95.1 -472.5 214.0 310.4
D C -113.6 -473.6 196.0 307.9
D C -162.8 -479.1 144.8 314.2
D C -178.9 -469.0 134.7 312.2
D C 122.1 303.3
D C 93.2 279.9 -510.2 1494.3
D C 85.1 278.3 -482.6 1503.4
D C 57.8 254.5 -383.7 1547.1
D C 46.5 246.7 -357.0 1561.7
D C 30.3 241.1 -270.1 1578.1
D C 13.8 239.6
D C -3.8 236.0
D C -36.3 259.5
D C
D C 121.7 1599.4
D C 258.2 1581.1
D C 314.4 1561.7
D C 495.3 1487.7 -70.5 908.3
D C 549.0 1466.6 -42.5 909.0
D C 716.5 1353.0 51.4 892.5 -71.0 1517.3
D C 822.9 1275.6 111.0 883.1
D C 861.9 1217.8 135.5 863.4
D C 983.0 1079.5 227.3 854.3
D C 1031.9 1027.2 253.3 828.1
D C 1108.8 861.2 333.3 799.3
D C 1164.4 753.7 377.5 757.1
D C 1180.9 684.6 397.0 727.8
D C 1220.0 493.3 456.4 661.9
D C 1246.7 442.8 474.5 636.6
D C 1245.1 228.8 521.3 551.7
D C 1224.7 102.6 545.0 491.7
D C 1208.3 41.7 555.8 465.5 602.2 1579.1
D C 1156.2 -80.8 545.3 412.9 -221.1 1089.8
D C 1146.9 -108.5 540.6 404.2 -217.3 1105.9
D C 1088.7 -150.4 498.3 377.3 -232.3 1110.0
D C 1069.9 -154.5 488.9 379.7 -245.2 1104.1
D C 1034.3 -155.9 434.7 377.9 -295.8 1105.1
D C 1009.6 -158.5 418.5 387.0 617.6 1481.4 -321.1 1116.8
D C 982.0 -160.3 395.0 388.4 595.3 1478.7 -337.6 1122.3
D C 940.6 -159.5 871.3 668.2 346.7 390.2 -393.1 1128.5
D C 912.0 -160.4 829.9 661.1 307.1 381.9
D C 867.7 -163.6 809.9 669.8 272.7 385.3
D C 849.0 -170.9 771.6 662.5 242.7 391.9
D C 832.2 -172.9 758.5 659.3 224.6 388.8
D C 776.3 -171.2 714.0 668.4 173.6 395.6
D C 760.6 -172.7 677.9 658.4 153.9 396.2
D C 707.8 -174.4 634.5 663.4 106.2 399.1
D C 685.3 -177.8 599.2 658.1 71.2 404.8
D C 658.0 -179.4 584.5 657.9 53.8 407.5
D C 621.0 -181.6 538.8 653.5 0.9 402.0
D C 590.0 -180.5 501.7 656.2 194.9 1477.2 -36.5 405.4
D C 551.4 -179.8 463.8 646.9 -71.8 404.7
D C 507.8 -219.1 478.6 626.0 -79.2 403.3
D C 485.9 -242.3 476.4 607.5 -85.2 407.2
D C 398.2 -312.2 516.9 533.8 413.9 1383.4 -75.7 412.1
D C 304.3 -372.5 547.6 447.2 575.7 1312.3 -65.4 412.8
D C 260.9 -387.3 546.1 413.5 624.5 1272.0 -61.2 419.6
D C 193.6 -418.4 564.7 360.6 -51.4 403.7
D C 123.6 -440.0 558.9 297.1 788.6 1114.2 -45.1 415.6
D C 46.5 -454.6 560.3 238.6 874.1 1034.0 -37.3 414.3
D C 7.4 -461.9 561.9 207.4 -35.1 419.5
D C -108.2 -463.5 545.7 121.2 995.3 844.0 194.1 1404.7 -21.8 412.4
D C -184.5 -458.3 519.0 56.3 1055.5 720.6 321.2 1376.0 -9.0 402.9 -321.8 981.6
D C 493.6 -19.3 1113.5 574.5 473.3 1313.3 16.0 407.7 -222.5 1001.6
D C 454.5 -82.8 1150.2 424.5 610.4 1243.3 36.8 389.3
D C 384.2 -177.0 791.6 1089.9 65.3 371.3
D C 363.2 -206.9 1156.7 111.2 850.5 1044.5 75.0 361.3
D C 292.5 -253.5 1138.8 -51.6 954.7 915.9 91.9 354.3
D C 228.2 -293.8 1086.1 -197.9 1030.0 779.9 104.1 333.1
D C 156.7 -323.0 1014.1 -344.5 1101.3 638.5 114.8 312.6
D C 125.0 -345.1 986.7 -411.4 1124.1 562.6 119.5 302.2
D C 20.0 -378.5 863.9 -587.9 1180.0 347.1 126.8 270.8
D C -50.1 -379.7 785.2 -680.5 1155.5 234.4 109.7 250.0
D C -108.4 -388.2 708.4 -703.0 1126.6 192.8 565.9 703.7 72.5 231.9
D C 642.2 -729.7 1095.3 146.2 567.7 697.1 42.3 216.9
D C 587.7 -728.5 1056.6 141.0 517.5 694.4 -5.3 236.9
D C 580.5 -738.0 1030.0 143.9 499.5 687.7 -23.4 242.9
D C 548.1 -742.6 996.4 145.4 462.4 697.7
D C 515.4 -745.1 971.7 141.8 436.0 694.4
D C 489.8 -746.7 944.1 143.7 398.9 700.4
D C 457.3 -746.0 922.5 146.2 376.4 700.3
D C 423.1 -751.0 881.1 145.2 338.6 711.6
D C 372.8 -744.9 850.8 156.4 286.1 710.6
D C 361.6 -757.1 820.3 150.8 274.8 707.5
D C 326.7 -754.3 781.0 148.5 241.6 711.1
D C 274.1 -756.9 743.8 150.9 188.2 707.4
D C 259.1 -759.0 717.5 150.1 169.9 707.9
D C 207.6 -757.0 688.2 152.9 121.6 716.8
D C 657.1 154.4 109.5 726.8
D C 157.3 -751.7 632.8 152.8 76.5 714.9
D C 590.2 158.0 28.3 723.4
D C 96.0 -754.9 578.6 158.7 6.2 729.0
D C -20.4 -758.7 547.0 93.6 49.9 714.3
D C -73.1 -772.5 529.2 54.2 85.9 718.9
D C -210.3 -753.2 516.7 -36.1 169.2 686.5
D C -336.4 -707.0 477.2 -111.4 247.2 660.3
D C 435.6 -194.3 322.4 599.8
D C 343.1 -304.8 414.7 496.6
D C 301.4 -330.1 446.5 466.8
D C 214.9 -375.9 486.5 382.7 -144.4 669.6
D C 133.9 -417.0 520.8 301.9 -60.0 667.3
D C 47.7 -439.4 547.0 221.2 9.9 681.9
D C -87.3 -447.6 537.3 78.4 132.4 657.8
D C -128.6 -439.6 530.6 37.9 165.5 637.9 -298.4 992.1
D C 499.9 -84.8 269.2 593.8 -112.3 1034.9
D C 480.6 -134.2 306.5 561.9 -42.4 1042.1
D C 425.0 -205.4 359.3 507.7 78.2 1028.0
D C 353.1 -294.8 401.9 436.0 198.7 987.2
D C 334.2 -296.9 382.5 436.0 186.1 986.6
D C 252.2 -320.7 989.8 828.9 356.3 411.1 203.0 977.1
D C 229.3 -331.4 979.0 819.9 340.9 403.2 190.0 974.7
D C 187.1 -322.7 955.2 820.1 313.4 409.9 160.3 982.0
D C 135.2 -317.4 920.7 830.6 254.2 404.8 110.5 975.8
D C 121.8 -323.9 901.6 833.7 243.7 410.1 98.5 977.0
D C 68.6 -327.9 849.3 824.9 192.5 411.1 44.4 981.0
D C 34.7 -339.2 816.2 832.7 154.6 413.0 14.3 977.9
D C 19.8 -334.4 796.5 822.6 140.6 422.2 -3.7 974.0
D C -34.2 -339.3 748.0 821.5 81.3 403.9 -57.7 976.3
D C -51.9 -344.1 736.5 829.1 68.9 406.2 -70.1 981.5
D C -121.2 -349.6 739.7 782.8 41.0 406.9
D C 746.0 724.6 32.6 395.7
D C 764.2 672.6 25.0 392.2
D C 780.7 629.7 15.4 392.7
D C 773.7 593.3 8.0 386.9
D C 796.8 522.7 -3.8 384.0
D C 781.4 485.6 -6.3 388.9
D C 778.5 401.6 152.3 932.6 -24.7 379.2
D C 780.3 349.5 184.1 914.6 -33.6 373.5
D C 776.0 297.3 222.8 904.0 -26.0 364.1
D C 776.0 177.4 307.9 854.2 -21.7 366.4
D C 752.3 100.4 348.7 822.1 -21.8 369.4
D C 726.6 25.1 394.8 779.8 -19.0 359.5
D C 704.3 -49.2 428.2 730.8 -18.8 355.5
D C 693.1 -82.8 446.7 711.4 -18.9 356.5
D C 625.4 -191.3 506.3 629.7 -16.6 355.6
D C 579.9 -258.7 532.7 577.9 272.3 1396.7 -16.6 353.6
D C 531.1 -289.7 521.3 551.7 -39.1 340.8
D C 472.9 -321.8 521.3 525.3 -63.3 344.2
D C 449.8 -335.2 511.4 515.3 341.8 1351.4
D C 393.0 -340.6 459.8 505.0
D C 379.2 -341.0 445.3 513.9 282.1 1358.0
D C 320.5 -338.2 395.4 517.2 230.4 1358.6
D C 290.2 -346.5 359.3 507.7 204.8 1358.7
D C 275.4 -345.7 344.0 512.2 187.8 1359.1
D C 219.1 -343.0 295.5 518.8
D C 171.1 -352.7 241.3 515.3
D C 151.4 -349.6 225.4 522.5
D C 116.5 -362.8 210.3 522.3 87.2 1367.2
D C 56.3 -385.9 209.0 501.2 151.8 1340.4
D C -3.4 -397.0 208.1 490.7 199.8 1326.0
D C -93.6 -389.9 198.1 459.1 287.3 1302.7
D C -118.2 -378.0 196.5 455.4
D C 193.6 441.4
D C 186.6 432.5 -539.8 1549.7
D C 194.1 401.6 -390.9 1576.2
D C 198.3 391.7 -345.4 1601.2
D C 201.7 359.2 -146.3 1626.4
D C 212.7 338.8
D C 195.5 320.0 73.5 1623.3
D C 771.5 890.2 162.4 311.2 103.3 1620.7
D C 770.4 867.2 145.4 300.7 135.2 1643.4
D C 746.0 850.1 96.1 307.3 113.2 1619.0
D C 769.4 794.5 77.4 290.9
D C 796.0 727.0 61.2 277.3
D C 787.9 668.1 41.6 275.9
D C 797.0 642.9 28.0 277.6 -367.3 1406.8
D C 804.2 563.6 469.9 1503.3 0.6 264.0
D C 38.0 97.9 -30.1 277.4
D C 816.3 460.0 596.9 1431.6
D C 819.6 397.7 659.1 1385.2
D C 805.0 342.9 709.1 1338.8
D C 792.6 287.0 765.2 1287.8 39.5 1470.5
D C 794.7 217.9 836.7 1213.5 120.2 1461.1
D C 777.4 192.8 848.6 1199.1 137.7 1455.5 -131.0 826.7
D C 761.3 139.9 894.3 1126.1 208.7 1445.0 -107.1 842.2
D C 738.2 84.7 939.9 1071.1 269.1 1426.8 -81.6 849.1
D C 705.8 41.7 969.7 1001.4 328.1 1405.2 -65.7 846.5
D C 665.5 -26.1 1019.5 919.7 411.9 1376.7 -35.0 860.3
D C 648.5 -57.4 1022.7 856.5 448.9 1348.2 -13.6 843.9
D C 602.6 -94.6 1041.9 799.0 496.1 1325.2 2.0 844.0
D C 572.9 -141.2 1059.6 723.4 553.0 1281.8 33.1 845.4
D C 522.9 -170.5 1065.7 653.3 602.3 1246.1 53.7 842.3
D C 462.8 -223.7 1059.7 571.6 637.5 1203.6 58.3 834.0
D C 448.8 -220.3 1041.2 578.3 617.6 1201.6 37.8 834.1
D C 420.6 -222.8 1002.7 581.3 581.8 1203.8 7.0 826.0
D C 961.0 581.0 529.5 1207.0 -44.2 833.8
D C 346.7 -220.7 934.4 572.8 515.0 1214.3 -60.0 839.9
D C 292.7 -218.1 889.0 575.4 467.8 1204.3 -108.0 849.2
D C 873.6 580.8 453.3 1210.9 -123.8 848.0
D C 809.9 567.6 392.5 1203.6 -170.6 840.9
D C 786.4 573.0 368.6 1204.9 -198.1 843.0
D C 800.2 553.5 396.7 1191.7 -179.2 856.4
D C 806.1 487.4 460.4 1164.3 -151.7 854.6
D C 812.2 451.1 492.0 1140.4 -133.5 876.9
D C 814.1 364.6 554.1 1077.9 -89.0 869.5
D C 795.3 327.3 581.1 1049.9 -72.7 868.0
D C 781.0 272.0 617.3 1010.4 -46.6 879.8
D C 747.5 270.7 573.8 1021.9 -90.3 882.4
D C 728.9 269.0 563.6 1018.4 -106.5 880.6
D C 684.2 276.6 511.8 1026.5 -156.7 883.2
D C 662.1 272.5 493.9 1021.9 -175.1 891.0
D C 634.2 279.4 458.7 1028.3 -206.8 880.0
D C 583.9 283.3 404.2 1022.0 -255.8 890.0
D C 573.2 282.5 394.5 1034.3 -268.8 893.5
D C 520.2 284.7 343.0 1030.4
D C 485.3 281.4 307.8 1028.9
D C 468.9 287.4 294.6 1030.7
D C 419.4 290.1 242.8 1040.0
D C 408.1 297.4 223.0 1041.4
D C 357.6 295.7 175.4 1034.2
D C 337.8 297.3 156.9 1041.2
D C 305.5 304.1 125.6 1051.5
D C 263.9 304.5 92.2 1042.9
D C 266.5 303.7 91.7 1037.0
D C 264.5 301.4 91.8 1037.9
D C 264.5 301.4 91.1 1030.0
D C 267.8 305.2 92.4 1044.9
D C 267.1 304.4 92.2 1041.9
D C 265.1 302.2 92.4 1044.9
